# GPD ASCII Format
# 23 Mar 00
# Raw Counts - All Pollen Types
#
# ****************************************************************
# ** Please acknowledge the contributors and the Latin American **
# ** Pollen Database when using these data.                     **
# ****************************************************************
#
# Site name:      Isla Clarence
# Place:          CHL:
# Latitude:       54.12.00S      ( -54.2     )
# Longitude:      71.14.00W      ( -71.233333)
# Elevation(m):   10
# Sigle:          CLARENCE
# Entity name:
# Contact person: Markgraf, V.
#
# Radiocarbon dates:
#   Depth   Thk     Age   SDup   SDlo  Lab no.    Basis  Material
#   132.5    25    2980    250    250  HEL-322      U
#   220.0    30    4840    300    300  HEL-316      U
#   400.0    20    8820    290    290  HEL-316      U
#
# Chron name:     LAPD 1
# Age model:      linear interpolation
# Age bounds:     330 - 9600
#
# Age basis:
#   Depth   Thk     Age  AgeUp  AgeLo  RCode
#     0.0     0       0      0      0   TOP
#   132.5    25    2980   3230   2730   C14
#   220.0    30    4840   5240   4540   C14
#   400.0    20    8820   9110   8530   C14
#
# Publications:   Markgraf, V. 1983. Late and Postglacial vegetational and
#                 paleoclimatic changes in subantarctic, temperate, and arid
#                 environments in Argentina. Palynology 7:43-70.
#
17 42
    1 Dri      A Drimys
    2 Emb      A Embothrium
    3 Ercae    A Ericaceae
    4 Mis      A Misodendrum
    5 Not.a    A Nothofagus antarctica
    6 Not.b    A Nothofagus betuloides
    7 Not.p    A Nothofagus pumilio
    8 Sch      A Schinus
    9 Acn      B Acaena
   10 Astae    B Asteraceae
   11 Ca/Ch    B Caryophyllaceae/Chenopodiaceae
   12 Cypae    B Cyperaceae
   13 Gun      B Gunnera
   14 Poaae    B Poaceae
   15 Ranae    B Ranunculaceae
   16 Val      B Valeriana
   17 Polta    F Polypodiophyta
15, , 337
     0.0     0.0    71.0     0.0   245.0   335.0     0.0     0.0     0.0     0.0
     0.0     0.0    36.0     0.0     0.0     0.0     0.0
35, , 787
     0.0     0.0    16.0    22.0   399.0   420.0     0.0     0.0     0.0     0.0
     0.0     0.0     0.0     0.0     0.0     0.0     0.0
45, , 1012
    57.0     0.0    51.0     0.0   813.0   530.0     0.0     0.0     0.0    20.0
     0.0    20.0    23.0     0.0     0.0     0.0     0.0
55, , 1236
     0.0     0.0    79.0     0.0   418.0   825.0    57.0     0.0     0.0     0.0
     0.0    54.0     0.0     0.0     0.0     0.0     0.0
65, , 1461
     0.0     0.0   158.0     0.0  1310.0   344.0    46.0     0.0     0.0     0.0
     0.0     0.0     0.0     0.0     0.0     0.0     0.0
75, , 1686
     0.0     0.0   130.0     0.0  2199.0   852.0   167.0     0.0     0.0     0.0
     0.0    61.0     0.0     0.0     0.0     0.0     0.0
85, , 1911
    74.0     0.0   247.0     0.0  2865.0  1442.0   149.0     0.0     0.0   159.0
     0.0     0.0     0.0     0.0     0.0     0.0     0.0
95, , 2136
    26.0     0.0   968.0     0.0  1123.0  1518.0    76.0     0.0     0.0     0.0
     0.0    57.0    26.0     0.0     0.0     0.0     0.0
105, , 2361
    64.0     0.0   166.0    83.0  2129.0  3707.0     0.0     0.0     0.0   150.0
     0.0     0.0     0.0     0.0     0.0     0.0    83.0
115, , 2586
    31.0     0.0   117.0    31.0  2172.0  1481.0    56.0     0.0     0.0     0.0
     0.0     0.0     0.0     0.0     0.0     0.0     0.0
125, , 2811
     0.0     0.0     0.0     0.0     0.0     0.0     0.0     0.0     0.0     0.0
     0.0     0.0     0.0     0.0     0.0     0.0     0.0
135, , 3033
     0.0     0.0    61.0   118.0   527.0   575.0    43.0     0.0     0.0   140.0
     0.0    23.0   109.0    26.0     0.0     0.0    16.0
145, , 3245
     0.0     0.0     0.0     0.0     0.0     0.0     0.0     0.0     0.0     0.0
     0.0     0.0     0.0     0.0     0.0     0.0     0.0
155, , 3458
     0.0     0.0    93.0    32.0   794.0   858.0    63.0     0.0     0.0    32.0
     0.0    32.0   334.0    32.0     0.0     0.0     0.0
165, , 3670
     0.0     0.0   100.0    28.0   901.0   627.0    31.0     0.0     0.0     0.0
     0.0     0.0    28.0     0.0     0.0     0.0     0.0
175, , 3883
    20.0     0.0    61.0     0.0   425.0   553.0    20.0     0.0     0.0     0.0
    20.0     0.0    84.0     0.0     0.0     0.0     0.0
185, , 4096
     0.0     0.0    56.0     0.0  1100.0  1242.0    25.0     0.0     0.0     0.0
     0.0    83.0    28.0     0.0     0.0     0.0     0.0
195, , 4308
     0.0     0.0    32.0     0.0  1016.0  2771.0   133.0     0.0     0.0     0.0
     0.0    32.0     0.0     0.0     0.0     0.0    32.0
205, , 4521
     0.0     0.0   262.0    67.0  2193.0  1979.0    48.0     0.0   162.0     0.0
     0.0     0.0    57.0     0.0     0.0     0.0     0.0
215, , 4733
     0.0     0.0   307.0     0.0  2884.0  1418.0   118.0     0.0     0.0     0.0
     0.0     0.0     0.0     0.0     0.0     0.0     0.0
225, , 4950
     0.0     0.0     0.0     0.0  1313.0   562.0   150.0     0.0     0.0     0.0
     0.0   475.0     0.0     0.0     0.0     0.0     0.0
235, , 5171
   226.0     0.0   113.0     0.0  1061.0   517.0   113.0     0.0     0.0     0.0
     0.0     0.0    79.0     0.0     0.0     0.0   181.0
245, , 5392
     0.0     0.0    69.0    69.0  7803.0   537.0    61.0     0.0     0.0     0.0
     0.0     0.0    52.0     0.0     0.0     0.0    69.0
255, , 5613
    37.0     0.0     0.0     0.0   706.0    81.0    15.0     0.0     0.0    37.0
     0.0     0.0     0.0     0.0     0.0     0.0     0.0
265, , 5835
     0.0     0.0   256.0  1922.0 11322.0  4068.0  1068.0     0.0     0.0     0.0
     0.0     0.0   213.0   213.0     0.0     0.0     0.0
275, , 6056
    70.0    35.0   175.0   175.0  1337.0  1088.0   102.0     0.0     0.0     0.0
     0.0     0.0   456.0     0.0     0.0     0.0    70.0
285, , 6277
     0.0     0.0     0.0  2574.0  3693.0  3525.0  1231.0     0.0     0.0     0.0
     0.0   224.0     0.0     0.0     0.0     0.0     0.0
295, , 6498
    88.0     0.0   213.0   160.0  4313.0  9385.0  2686.0     0.0     0.0     0.0
     0.0    88.0   177.0     0.0    88.0     0.0    88.0
305, , 6719
     0.0     0.0    97.0  2864.0  1500.0  4416.0   770.0     0.0     0.0     0.0
     0.0     0.0   932.0    85.0     0.0     0.0     0.0
315, , 6940
    43.0     0.0    58.0   152.0  1504.0  2313.0  1193.0     0.0     0.0     0.0
     0.0     0.0  1663.0    43.0     0.0     0.0   260.0
325, , 7161
     0.0     0.0     0.0    89.0  1641.0  3503.0  1463.0     0.0     0.0     0.0
     0.0    44.0  2040.0    44.0     0.0     0.0     0.0
335, , 7382
     0.0     0.0    63.0    90.0  1304.0  1993.0   657.0     0.0     0.0     0.0
     0.0     0.0   380.0    41.0     0.0     0.0    44.0
345, , 7603
     0.0     0.0     0.0     0.0     0.0     0.0     0.0     0.0     0.0     0.0
     0.0     0.0     0.0     0.0     0.0     0.0     0.0
355, , 7825
     0.0     0.0   533.0     0.0    93.0    90.0   211.0     0.0     0.0    23.0
     0.0   812.0   301.0   104.0     0.0     0.0    81.0
365, , 8046
     0.0     0.0   152.0    25.0   185.0    49.0     0.0     0.0     0.0    55.0
     0.0   552.0   207.0   110.0     0.0     0.0    44.0
375, , 8267
     0.0     0.0   458.0    32.0   423.0   401.0    23.0    55.0     0.0   160.0
    23.0   320.0   126.0   240.0     0.0    27.0     0.0
385, , 8488
     0.0     0.0   295.0     0.0   463.0   235.0   176.0     0.0     0.0    35.0
     0.0    70.0   139.0    62.0     0.0     0.0     0.0
395, , 8709
     0.0     0.0   445.0     0.0   107.0   115.0     0.0     0.0     0.0     0.0
     0.0     0.0    98.0   124.0     0.0     0.0     0.0
405, , 8930
     0.0     0.0   245.0     0.0    53.0     0.0     0.0     0.0     0.0     0.0
     0.0     0.0    74.0   177.0     0.0     0.0    23.0
415, , 9151
     0.0     0.0    70.0     0.0     0.0     0.0     0.0     0.0     0.0    28.0
     0.0    99.0   897.0  1227.0     0.0     0.0    38.0
425, , 9372
     0.0     0.0   429.0     0.0     0.0     0.0     0.0     0.0     0.0     0.0
     0.0    69.0   304.0  1328.0     0.0     0.0    13.0
435, , 9593
     0.0     0.0  1411.0     0.0     0.0     0.0     0.0     0.0     0.0   972.0
     0.0   748.0  1122.0  2167.0     0.0     0.0  1122.0
