# GPD ASCII Format
# 24 Apr 00
# Raw Counts - All Pollen Types
#
# ****************************************************************
# ** Please acknowledge the contributors and the North American **
# ** Pollen Database when using these data.                     **
# ****************************************************************
#
# Site name:      Cottonwood Slough
# Place:          CAN:Alberta
# Latitude:       52.52.00N      (  52.866667)
# Longitude:      118.06.00W     (-118.1     )
# Elevation(m):   1120
# Sigle:          COTTON
# Entity name:
# Contact person: Kearney, M.S.
#
# Chron name:     [no chron]
#
# Publications:   Kearney, M.S. 1981. Late Quaternary vegetational and
#                 environmental history of Jasper National Park, Alberta.
#                 Dissertation. University of Western Ontario, London,
#                 Ontario, Canada.
#
25 46
    1 Abi      A Abies
    2 Aln      A Alnus
    3 Bet      A Betula
    4 Jun      A Juniperus
    5 La/Ps    A Larix/Pseudotsuga
    6 Pic      A Picea
    7 Pin      A Pinus
    8 Slx      A Salix
    9 She.c    A Shepherdia canadensis
   10 Tsu      A Tsuga
   11 Art      B Artemisia
   12 Astae.ud B Asteraceae undiff.
   13 Cypae    B Cyperaceae
   14 herbs.ud B Herbs undiff.
   15 Poaae    B Poaceae
   16 Drp-t    F Dryopteris-type
   17 Equ      F Equisetum
   18 Ptr      F Pteridium
   19 Pdi      L Pediastrum
   20 Myp      Q Myriophyllum
   21 Nup      Q Nuphar
   22 Pot-t    Q Potamogeton-type
   23 Typ      Q Typha
   24 Cc14-24  - Charcoal fragments (14-24 µm)
   25 Cc>24    - Charcoal fragments (>24 µm)
1
     1.0     2.0     0.0     0.0     2.0    47.0   251.0     0.0     0.0     1.0
     0.0     0.0    11.0     0.0     1.0     6.0     0.0     0.0     0.0     0.0
     0.0     1.0     0.0   235.0   281.0
2
     1.0     5.0     1.0     0.0     3.0    39.0   212.0     2.0     0.0     1.0
     0.0     0.0     6.0     0.0     0.0     2.0     2.0     0.0     0.0     0.0
     0.0     0.0     0.0    92.0   123.0
3
    10.0     7.0     2.0     3.0     1.0    36.0   246.0     8.0     0.0     0.0
     0.0     0.0    16.0     0.0     0.0     6.0     2.0     0.0     0.0     0.0
     0.0     0.0     0.0   204.0   190.0
4
     5.0    13.0    26.0     0.0     0.0    32.0   230.0    14.0     0.0     2.0
     0.0     1.0    13.0     0.0     0.0     1.0     0.0     0.0     0.0     0.0
     0.0     0.0     0.0   136.0   122.0
5
     4.0     5.0    15.0     0.0     2.0    23.0   229.0    12.0     0.0     0.0
     0.0     0.0    12.0     2.0     0.0     2.0     0.0     1.0     0.0     0.0
     0.0     0.0     0.0    98.0   500.0
6
     6.0     5.0     5.0     0.0     2.0    31.0   254.0     4.0     0.0     0.0
     0.0     0.0     4.0     0.0     0.0     3.0     0.0     0.0     0.0     0.0
     0.0     0.0     0.0   230.0   182.0
7
     7.0     4.0     1.0     0.0     3.0    21.0   288.0     8.0     0.0     2.0
     0.0     0.0     8.0     0.0     2.0     2.0     1.0     0.0     0.0     0.0
     0.0     0.0     0.0   236.0   166.0
8
     3.0     2.0     0.0     1.0     2.0    33.0   280.0     7.0     0.0     0.0
     0.0     0.0    24.0     1.0     0.0     2.0     0.0     0.0     0.0     0.0
     0.0     1.0     0.0   125.0   114.0
9
     5.0    10.0    10.0     1.0     4.0    40.0   236.0    11.0     0.0     2.0
     0.0     0.0    20.0     1.0     2.0    10.0     0.0     1.0     0.0     0.0
     0.0     1.0     0.0   356.0   181.0
10
     3.0    13.0     4.0     0.0     1.0    20.0   251.0     9.0     2.0     0.0
     0.0     0.0     2.0     0.0     0.0     4.0     0.0     0.0     0.0     0.0
     0.0     0.0     0.0   279.0   406.0
11
     8.0    17.0    18.0     2.0     4.0    39.0   257.0    10.0     0.0     0.0
     1.0     0.0    12.0     0.0     1.0     5.0     0.0     0.0     0.0     0.0
     0.0     1.0     0.0   202.0   182.0
12
     6.0    11.0     9.0     0.0     1.0    31.0   267.0    15.0     1.0     0.0
     2.0     0.0    40.0     2.0     1.0     5.0     0.0     0.0     0.0     0.0
     0.0     2.0     0.0   200.0   152.0
13
     6.0    20.0     9.0     3.0     0.0    32.0   260.0    29.0     0.0     0.0
     0.0     1.0    71.0     1.0     0.0     2.0     2.0     0.0     0.0     0.0
     0.0     0.0     0.0   190.0   129.0
14
     4.0    18.0     5.0     4.0     0.0    23.0   234.0    31.0     0.0     0.0
     1.0     1.0    56.0     0.0     3.0     5.0     0.0     1.0     1.0     0.0
     2.0     1.0     0.0   174.0   117.0
15
     9.0    11.0    10.0     1.0     1.0    40.0   306.0    28.0     0.0     0.0
     1.0     0.0    86.0     0.0     0.0     6.0     1.0     2.0     0.0     0.0
     0.0     2.0     0.0   206.0   127.0
16
     6.0    23.0     7.0     2.0     2.0    32.0   282.0    11.0     1.0     0.0
     0.0     0.0    95.0     0.0     1.0     9.0     1.0     1.0     0.0     0.0
     0.0     1.0     0.0   206.0   134.0
17
     4.0    10.0     4.0     2.0     0.0    28.0   316.0     7.0     0.0     0.0
     3.0     1.0   102.0     0.0     1.0     4.0     2.0     1.0     0.0     0.0
     1.0     0.0     0.0   111.0    82.0
18
     5.0    12.0     7.0     1.0     2.0    30.0   283.0    25.0     0.0     0.0
     2.0     0.0    56.0     1.0     0.0     2.0     5.0     0.0     0.0     0.0
     0.0     0.0     0.0   282.0    92.0
19
     7.0     7.0     3.0     0.0     1.0    34.0   287.0    19.0     0.0     0.0
     0.0     1.0    26.0     1.0     1.0     1.0    10.0     0.0     0.0     0.0
     0.0     1.0     7.0   250.0    86.0
20
     7.0     8.0     8.0     1.0     0.0    30.0   246.0    25.0     3.0     0.0
     1.0     2.0    41.0     1.0     1.0     0.0     3.0     0.0     0.0     0.0
     0.0     1.0     0.0   213.0   167.0
21
     3.0    10.0     2.0     0.0     1.0    31.0   292.0     6.0     1.0     0.0
     1.0     0.0    52.0     0.0     0.0     1.0     2.0     0.0     0.0     1.0
     0.0     0.0     0.0   184.0   119.0
22
     3.0    13.0     3.0     0.0     0.0    32.0   278.0     5.0     3.0     0.0
     1.0     0.0    49.0     0.0     0.0     3.0     2.0     1.0     0.0     4.0
     0.0     0.0     7.0   106.0    90.0
23
     4.0    11.0     3.0     0.0     0.0    26.0   272.0    10.0     0.0     0.0
     0.0     0.0    28.0     0.0     1.0     1.0     8.0     0.0     0.0     7.0
     0.0     1.0     0.0    89.0   106.0
24
     5.0    11.0     7.0     0.0     1.0    31.0   303.0    15.0     1.0     0.0
     3.0     0.0    27.0     0.0     1.0     3.0    14.0     1.0     0.0     1.0
     0.0     0.0     4.0    50.0    74.0
25
     6.0    15.0    18.0     0.0     2.0    19.0   268.0    11.0     3.0     0.0
     3.0     1.0    10.0     1.0     1.0     3.0     8.0     1.0     0.0     0.0
     0.0     0.0     5.0    81.0   105.0
26
     5.0    23.0    20.0     0.0     4.0    24.0   287.0    17.0     2.0     0.0
     1.0     0.0    67.0     2.0     3.0     2.0     5.0     1.0     0.0     4.0
     0.0     1.0     5.0    96.0   119.0
27
     4.0    18.0    16.0     0.0     2.0    36.0   269.0     4.0     2.0     0.0
     2.0     3.0    77.0     0.0     2.0     3.0     9.0     1.0     0.0    11.0
     0.0     0.0     5.0    74.0   101.0
28
     7.0    21.0    12.0     1.0     0.0    39.0   265.0     8.0     0.0     0.0
     1.0     0.0    48.0     3.0     2.0     3.0     0.0     1.0     0.0     8.0
     0.0     0.0     4.0    72.0    91.0
29
     3.0     8.0    12.0     0.0     0.0    31.0   242.0     5.0     1.0     0.0
     1.0     0.0    17.0     1.0     1.0     1.0     2.0     0.0     0.0     6.0
     0.0     0.0     3.0     0.0     0.0
30
     2.0     4.0     4.0     0.0     0.0    23.0   286.0     0.0     1.0     0.0
     0.0     2.0    20.0     0.0     2.0     7.0     1.0     0.0     0.0     6.0
     0.0     0.0     0.0     0.0     0.0
31
     6.0     5.0    11.0     0.0     0.0    26.0   260.0     1.0     0.0     0.0
     2.0     0.0    20.0     2.0     2.0     3.0     2.0     0.0     0.0     7.0
     0.0     2.0     0.0     0.0     0.0
32
     3.0    16.0    19.0     0.0     0.0    20.0   244.0     6.0     1.0     0.0
     2.0     0.0    56.0     0.0     1.0     5.0     4.0     2.0     0.0     8.0
     0.0     3.0     1.0     0.0     0.0
33
     0.0    14.0    15.0     0.0     1.0    17.0   314.0     4.0     1.0     0.0
     1.0     0.0    22.0     1.0     2.0     3.0     0.0     1.0     1.0     3.0
     0.0     1.0     1.0     0.0     0.0
34
     3.0     8.0     9.0     0.0     2.0    23.0   226.0     3.0     2.0     0.0
     0.0     0.0    11.0     0.0     0.0     7.0     1.0     3.0     0.0     8.0
     0.0     0.0     0.0     0.0     0.0
35
     5.0     6.0    10.0     0.0     1.0    36.0   288.0     5.0     3.0     0.0
     0.0     0.0    24.0     1.0     1.0     2.0     4.0     2.0     1.0     6.0
     0.0     2.0     1.0     0.0     0.0
36
     3.0    15.0    15.0     0.0     1.0    34.0   302.0     4.0     2.0     0.0
     3.0     0.0    21.0     4.0     3.0     4.0     8.0     2.0     2.0     3.0
     0.0     0.0     3.0     0.0     0.0
37
     7.0    21.0    20.0     0.0     2.0    35.0   371.0    10.0     1.0     0.0
     0.0     0.0    13.0     1.0     0.0     6.0     2.0     0.0     1.0     3.0
     1.0     0.0     2.0     0.0     0.0
38
     3.0    26.0    20.0     0.0     2.0    26.0   309.0     3.0     1.0     0.0
     3.0     0.0    10.0     2.0     1.0     2.0     0.0     0.0     5.0     2.0
     0.0     0.0     0.0     0.0     0.0
39
     4.0    20.0    13.0     1.0     0.0    29.0   146.0     6.0     0.0     0.0
     2.0     1.0     6.0     1.0     1.0     4.0     2.0     0.0     1.0     2.0
     0.0     1.0     0.0     0.0     0.0
40
     7.0    15.0    17.0     0.0     2.0    30.0   326.0     2.0     0.0     0.0
     2.0     0.0     8.0     2.0     2.0     4.0     1.0     0.0     0.0     1.0
     0.0     1.0     3.0     0.0     0.0
41
     6.0    21.0    16.0     0.0     1.0    30.0   303.0     6.0     2.0     0.0
     3.0     1.0    13.0     1.0     1.0     4.0     2.0     0.0     0.0     0.0
     0.0     1.0     0.0     0.0     0.0
42
     3.0    23.0    17.0     0.0     1.0    29.0   318.0     5.0     2.0     0.0
     0.0     1.0     9.0     1.0     1.0     1.0     0.0     0.0     1.0     0.0
     0.0     0.0     1.0     0.0     0.0
43
     5.0    23.0    26.0     0.0     0.0    30.0   316.0     2.0     0.0     0.0
     0.0     0.0     7.0     2.0     2.0     4.0     1.0     1.0     0.0     2.0
     0.0     2.0     1.0     0.0     0.0
44
     6.0    20.0    15.0     0.0     1.0    31.0   330.0     2.0     0.0     0.0
     1.0     1.0     7.0     4.0     0.0     5.0     1.0     0.0     0.0     1.0
     0.0     1.0     1.0     0.0     0.0
45
     5.0    25.0    14.0     0.0     1.0    43.0   354.0     0.0     1.0     0.0
     3.0     0.0    10.0     3.0     0.0     9.0     2.0     1.0     1.0     6.0
     0.0     0.0     1.0     0.0     0.0
46
     0.0    13.0    10.0     0.0     1.0    21.0   295.0     4.0     1.0     0.0
     0.0     0.0    12.0     1.0     1.0     4.0     2.0     0.0     1.0     3.0
     0.0     0.0     0.0     0.0     0.0
