# GPD ASCII Format
# 24 Mar 00
# Raw Counts - All Pollen Types
#
# **********************************************************
# ** Please acknowledge the contributors and the European **
# ** Pollen Database when using these data.               **
# **********************************************************
#
# Site name:      Kirikumae
# Place:          EST:
# Latitude:       57.40.00N      (  57.666667)
# Longitude:      27.15.00E      (  27.25    )
# Elevation(m):   183
# Sigle:          KIRIKU
# Entity name:    Core 63
# Contact person: Saarse, L.
#
# Radiocarbon dates:
#   Depth   Thk     Age   SDup   SDlo  Lab no.    Basis  Material
#   185.0    10    1300     45     45  Tln-1539     L    Gyttja
#   195.0    10    1625     40     40  Tln-1538     L    Gyttja
#   345.0    10    3800     70     70  Tln-1434     L    Gyttja
#   495.0    10    6045     80     80  Tln-1445     L    Gyttja
#   615.0    10    7695    105    105  Tln-1446     L    Gyttja
#   670.0    10    9395     75     75  Tln-1447     L    Gyttja
#
# Chron name:     EPD
# Age model:      linear interpolation
# Age bounds:     1130 - 9400
# Chron notes:    The late glacial seems to be badly interpolated.
#
# Age basis:
#   Depth   Thk     Age  AgeUp  AgeLo  RCode
#   185.0    10    1300   1345   1255   C14
#   195.0    10    1625   1665   1585   C14
#   345.0    10    3800   3870   3730   C14
#   495.0    10    6045   6125   5965   C14
#   615.0    10    7695   7800   7590   C14
#   670.0    10    9395   9470   9320   C14
#
27 89
    1 Aln      A Alnus
    2 Bet      A Betula
    3 Cpn      A Carpinus
    4 Cor      A Corylus
    5 Erles    A Ericales
    6 Pic      A Picea
    7 Pin      A Pinus
    8 Que      A Quercus
    9 Slx      A Salix
   10 Til      A Tilia
   11 Ulm      A Ulmus
   12 Art      B Artemisia
   13 Astae.ud B Asteraceae undiff.
   14 Cheae    B Chenopodiaceae
   15 Cypae    B Cyperaceae
   16 Hli      B Helianthemum
   17 Poaae    B Poaceae
   18 Ranae.ud B Ranunculaceae undiff.
   19 Ran.li   B Ranunculus lingua
   20 Drp-t    F Dryopteris-type
   21 Equ      F Equisetum
   22 Lycae    F Lycopodiaceae
   23 Bryes    M Bryales
   24 Spg      M Sphagnum
   25 Nymae    Q Nymphaeaceae
   26 Spa      Q Sparganium
   27 Typ      Q Typha
180, , 1138
    52.0   134.0     0.0    24.0     0.0    14.0   114.0     8.0     0.0     2.0
     2.0     0.0     2.0     0.0     8.0     0.0    12.0     0.0     0.0     0.0
     0.0     3.0     0.0     3.0     2.0     0.0     0.0
190, , 1463
    58.0   182.0     0.0    16.0     4.0    34.0   168.0     8.0     0.0     2.0
     8.0     2.0     2.0     0.0    14.0     0.0     8.0     0.0     4.0     4.0
     0.0     0.0     0.0    16.0     2.0     0.0     1.0
200, , 1698
    90.0   208.0     0.0    12.0     2.0    54.0   156.0     6.0     0.0     6.0
     4.0     0.0     2.0     0.0    12.0     0.0     8.0     2.0     2.0     2.0
     0.0     0.0     0.0     4.0     0.0     1.0     1.0
210, , 1843
    53.0    96.0     0.0    11.0     3.0    24.0    54.0     7.0     0.0     5.0
     5.0     1.0     0.0     0.0     4.0     0.0     6.0     0.0     1.0     1.0
     0.0    12.0     1.0     4.0     0.0     0.0     1.0
220, , 1988
    48.0    84.0     0.0    13.0     3.0    24.0    53.0     7.0     0.0     4.0
     6.0     2.0     0.0     1.0     9.0     0.0     5.0     0.0     2.0     2.0
     0.0     8.0     2.0     2.0     0.0     1.0     0.0
230, , 2133
    90.0   163.0     3.0    30.0     2.0    31.0    92.0     6.0     0.0     8.0
    10.0     0.0     0.0     1.0    14.0     0.0     8.0     1.0     0.0     0.0
     0.0     8.0     8.0     6.0     1.0     2.0     1.0
240, , 2278
    42.0    95.0     2.0    17.0     0.0    24.0    53.0     3.0     0.0     4.0
     5.0     0.0     0.0     0.0     4.0     0.0     3.0     2.0     0.0     0.0
     0.0     8.0     0.0     4.0     1.0     2.0     1.0
250, , 2423
    53.0    81.0     0.0    17.0     2.0    18.0    39.0     2.0     0.0     4.0
     4.0     0.0     0.0     0.0     6.0     0.0     4.0     3.0     2.0     2.0
     0.0     2.0     2.0     5.0     0.0     2.0     3.0
260, , 2568
    51.0    92.0     1.0    20.0     1.0    28.0    31.0     7.0     0.0     9.0
     6.0     6.0     0.0     0.0     5.0     0.0     3.0     0.0     1.0     1.0
     0.0     0.0     0.0     2.0     1.0     1.0     0.0
270, , 2713
    59.0    97.0     1.0    24.0     0.0    17.0    27.0    10.0     0.0    13.0
    12.0     2.0     0.0     0.0     7.0     0.0     4.0     1.0     2.0     2.0
     0.0     7.0     0.0     0.0     0.0     2.0     0.0
280, , 2858
    51.0    74.0     0.0    24.0     1.0    27.0    27.0     9.0     0.0     9.0
    10.0     1.0     1.0     0.0     5.0     0.0     2.0     1.0     3.0     3.0
     0.0     2.0     0.0     0.0     1.0     1.0     0.0
290, , 3003
    47.0    72.0     1.0    32.0     0.0    41.0    38.0     7.0     0.0     9.0
    12.0     2.0     0.0     0.0     9.0     0.0     3.0     0.0     2.0     2.0
     0.0     1.0     1.0     0.0     2.0     1.0     2.0
300, , 3148
    61.0    97.0     0.0    22.0     1.0    21.0    34.0    12.0     0.0    10.0
    11.0     1.0     1.0     0.0     7.0     0.0     4.0     1.0     3.0     3.0
     0.0     3.0     0.0     0.0     0.0     2.0     1.0
310, , 3293
    48.0    61.0     0.0    14.0     2.0    16.0    23.0     9.0     1.0     6.0
    11.0     2.0     2.0     0.0     4.0     0.0     2.0     2.0     3.0     3.0
     0.0     4.0     0.0     0.0     0.0     1.0     0.0
320, , 3438
    56.0    75.0     2.0    32.0     0.0    34.0    36.0     8.0     0.0     7.0
     9.0     2.0     1.0     2.0     7.0     0.0     5.0     0.0     2.0     2.0
     0.0     1.0     2.0     0.0     2.0     0.0     1.0
330, , 3583
    58.0    72.0     0.0    23.0     0.0    10.0    16.0    12.0     0.0    24.0
    20.0     0.0     1.0     0.0     7.0     0.0     4.0     0.0     3.0     3.0
     0.0     0.0     0.0     0.0     2.0     1.0     1.0
340, , 3728
    49.0    54.0     0.0    25.0     0.0     9.0    24.0     6.0     0.0    12.0
    16.0     0.0     0.0     2.0     4.0     0.0     3.0     0.0     3.0     3.0
     0.0     4.0     0.0     0.0     0.0     0.0     2.0
350, , 3875
    62.0    65.0     0.0    33.0     0.0    16.0    31.0    10.0     0.0    14.0
    26.0     0.0     0.0     1.0     9.0     0.0     4.0     0.0     3.0     3.0
     0.0     1.0     0.0     0.0     2.0     2.0     2.0
360, , 4025
    44.0    57.0     1.0    24.0     1.0    36.0    26.0    11.0     0.0    11.0
    15.0     1.0     0.0     1.0     5.0     0.0     3.0     0.0     3.0     3.0
     0.0     0.0     0.0     0.0     0.0     2.0     2.0
370, , 4174
    67.0    67.0     0.0    41.0     0.0    21.0    32.0     7.0     0.0    15.0
    17.0     2.0     0.0     0.0     5.0     0.0     3.0     0.0     2.0     2.0
     0.0     4.0     0.0     0.0     0.0     0.0     2.0
380, , 4324
    52.0    44.0     0.0    30.0     0.0    16.0    20.0     7.0     0.0    17.0
    17.0     1.0     0.0     0.0     6.0     0.0     3.0     0.0     2.0     2.0
     0.0     4.0     0.0     0.0     0.0     0.0     2.0
390, , 4474
    54.0    42.0     0.0    35.0     0.0     9.0    25.0     3.0     0.0     9.0
    21.0     1.0     0.0     1.0     7.0     0.0     4.0     0.0     4.0     4.0
     0.0     0.0     0.0     0.0     0.0     0.0     2.0
400, , 4623
    86.0    73.0     0.0    64.0     0.0     8.0    31.0     1.0     0.0    16.0
    32.0     2.0     0.0     0.0    11.0     0.0     6.0     0.0     2.0     2.0
     0.0     5.0     0.0     6.0     0.0     0.0     4.0
410, , 4773
    41.0    39.0     0.0    26.0     0.0     6.0    11.0     4.0     0.0    12.0
    14.0     0.0     0.0     1.0     4.0     0.0     3.0     0.0     3.0     3.0
     0.0     1.0     0.0     0.0     0.0     0.0     2.0
420, , 4923
    87.0    64.0     0.0    37.0     0.0     2.0    20.0     3.0     0.0    22.0
    38.0     1.0     1.0     0.0     8.0     0.0     4.0     0.0     3.0     3.0
     0.0     2.0     0.0     2.0     1.0     1.0     1.0
430, , 5072
    85.0    65.0     0.0    45.0     0.0     0.0    53.0     8.0     0.0    29.0
    41.0     1.0     1.0     0.0     6.0     0.0     6.0     0.0     4.0     4.0
     0.0     2.0     0.0     2.0     0.0     0.0     0.0
440, , 5222
    55.0    43.0     0.0    29.0     0.0     0.0    26.0     6.0     0.0    11.0
    29.0     0.0     0.0     0.0    19.0     0.0    11.0     0.0     3.0     3.0
     0.0     0.0     0.0     0.0     0.0     2.0     0.0
450, , 5372
    66.0    49.0     0.0    34.0     0.0     5.0    20.0     7.0     0.0    13.0
    34.0     2.0     0.0     0.0    19.0     0.0    13.0     0.0     4.0     4.0
     0.0     0.0     0.0     0.0     0.0     2.0     0.0
460, , 5521
    96.0    74.0     0.0    54.0     0.0     6.0    18.0     6.0     0.0    18.0
    54.0     1.0     1.0     1.0    21.0     0.0    12.0     0.0     4.0     4.0
     0.0     2.0     0.0     0.0     0.0     0.0     2.0
470, , 5671
    56.0    50.0     0.0    24.0     0.0     6.0    16.0     4.0     0.0     6.0
    30.0     0.0     0.0     0.0     9.0     0.0     7.0     0.0     3.0     3.0
     0.0     1.0     0.0     1.0     0.0     3.0     0.0
480, , 5821
    75.0    69.0     0.0    45.0     0.0     9.0    48.0    15.0     0.0    18.0
    18.0     1.0     1.0     2.0    19.0     0.0    15.0     0.0     9.0     9.0
     0.0     1.0     4.0     2.0     0.0     2.0     4.0
490, , 5970
    54.0    42.0     0.0    51.0     0.0     4.0    20.0     2.0     0.0    20.0
    24.0     0.0     1.0     0.0     8.0     0.0     5.0     0.0     5.0     5.0
     0.0     2.0     0.0     3.0     0.0     0.0     4.0
500, , 6114
    57.0    42.0     0.0    41.0     0.0     7.0    26.0     3.0     0.0    12.0
    18.0     0.0     0.0     0.0     5.0     0.0     3.0     0.0     2.0     2.0
     0.0     1.0     0.0     3.0     0.0     0.0     3.0
510, , 6251
    43.0    38.0     0.0    31.0     0.0     6.0    24.0     4.0     0.0    11.0
    17.0     0.0     0.0     0.0     7.0     0.0     3.0     0.0     3.0     3.0
     0.0     1.0     0.0     3.0     0.0     0.0     2.0
520, , 6389
    61.0    49.0     0.0    35.0     0.0     8.0    23.0     1.0     0.0    14.0
    26.0     1.0     0.0     0.0    13.0     0.0     7.0     0.0     3.0     3.0
     0.0     0.0     0.0     4.0     0.0     0.0     3.0
530, , 6526
    57.0    57.0     0.0    45.0     0.0     6.0    25.0     2.0     0.0    18.0
    16.0     0.0     0.0     0.0    12.0     0.0     9.0     0.0     4.0     4.0
     0.0     4.0     0.0     2.0     0.0     0.0     5.0
540, , 6664
    46.0    52.0     0.0    36.0     0.0     7.0    22.0     7.0     0.0    15.0
    21.0     0.0     0.0     0.0     3.0     0.0     3.0     0.0     1.0     1.0
     0.0     2.0     0.0     6.0     0.0     0.0     5.0
550, , 6801
    80.0   102.0     0.0    67.0     0.0     8.0    54.0    20.0     0.0    30.0
    34.0     2.0     0.0     0.0    23.0     0.0    19.0     0.0     7.0     7.0
     0.0     0.0     0.0     0.0     0.0     0.0     5.0
560, , 6939
    84.0   114.0     0.0    62.0     0.0    16.0    58.0     2.0     0.0    22.0
    34.0     2.0     1.0     0.0    27.0     0.0    21.0     0.0     8.0     8.0
     0.0     0.0     0.0     0.0     0.0     0.0     4.0
570, , 7076
    77.0    85.0     0.0    40.0     0.0    14.0   108.0     6.0     0.0    20.0
    32.0     0.0     0.0     0.0    28.0     0.0    18.0     0.0     5.0     5.0
     0.0     3.0     0.0     2.0     0.0     0.0     5.0
580, , 7214
    48.0    66.0     0.0    27.0     0.0    10.0    25.0     6.0     0.0    22.0
    18.0     0.0     0.0     0.0    11.0     0.0     6.0     0.0     2.0     2.0
     0.0     1.0     0.0     1.0     0.0     0.0     0.0
590, , 7351
    45.0    61.0     0.0    23.0     0.0     8.0    28.0     5.0     0.0    17.0
    20.0     0.0     0.0     0.0    14.0     0.0     5.0     0.0     1.0     1.0
     0.0     1.0     0.0     2.0     0.0     0.0     5.0
600, , 7489
    72.0    79.0     0.0    45.0     0.0    22.0    41.0     4.0     0.0     9.0
    23.0     1.0     1.0     0.0    12.0     0.0     7.0     0.0     2.0     2.0
     0.0     1.0     3.0     0.0     0.0     0.0     5.0
610, , 7626
    14.0    32.0     0.0    11.0     0.0    10.0    30.0     1.0     0.0     3.0
     6.0     1.0     0.0     1.0     4.0     0.0     4.0     0.0     2.0     2.0
     0.0     2.0     2.0     0.0     0.0     0.0     0.0
615, , 7695
    26.0    45.0     0.0    12.0     0.0     7.0    33.0     1.0     0.0     4.0
     9.0     2.0     0.0     1.0     2.0     0.0     3.0     0.0     2.0     2.0
     0.0     0.0     2.0     0.0     0.0     0.0     0.0
620, , 7850
    37.0    51.0     0.0    20.0     1.0     4.0    39.0     2.0     0.0     8.0
    16.0     1.0     0.0     1.0     5.0     0.0     3.0     0.0     2.0     2.0
     0.0     2.0     0.0     0.0     0.0     0.0     2.0
625, , 8004
    50.0    77.0     0.0    32.0     1.0     8.0    75.0     2.0     0.0     5.0
    18.0     1.0     0.0     3.0     7.0     2.0     4.0     0.0     5.0     5.0
     0.0     8.0     0.0     2.0     0.0     2.0     2.0
630, , 8159
    32.0    73.0     0.0    33.0     0.0     6.0    84.0     2.0     0.0     7.0
    22.0     1.0     0.0     1.0    11.0     0.0     8.0     0.0     3.0     3.0
     0.0     2.0     0.0     1.0     0.0     0.0     2.0
635, , 8313
    32.0    81.0     0.0    44.0     0.0    13.0    73.0     1.0     0.0     4.0
    19.0     1.0     0.0     1.0    11.0     0.0     7.0     0.0     3.0     3.0
     0.0     3.0     0.0     2.0     0.0     0.0     2.0
640, , 8468
    12.0    93.0     0.0    41.0     0.0     5.0    94.0     1.0     0.0     1.0
    10.0     0.0     0.0     2.0    12.0     0.0     6.0     0.0     5.0     5.0
     0.0     4.0     0.0     2.0     0.0     0.0     3.0
645, , 8622
    12.0    95.0     0.0    25.0     1.0     5.0    83.0     1.0     0.0     1.0
    19.0     1.0     0.0     0.0     8.0     0.0     4.0     1.0     5.0     5.0
     0.0     5.0     0.0     0.0     0.0     2.0     1.0
650, , 8777
     1.0    93.0     0.0     8.0     0.0     2.0    82.0     0.0     0.0     0.0
     8.0     1.0     0.0     0.0     5.0     0.0     4.0     1.0     2.0     2.0
     0.0     4.0     0.0     0.0     0.0     0.0     1.0
655, , 8931
     2.0    72.0     0.0     0.0     1.0     0.0    42.0     0.0     0.0     0.0
     8.0     1.0     0.0     1.0     5.0     0.0     3.0     0.0     2.0     2.0
     0.0     4.0     0.0     0.0     0.0     1.0     2.0
660, , 9086
     2.0   104.0     0.0     0.0     0.0     2.0    87.0     0.0     0.0     0.0
     6.0     2.0     0.0     1.0     6.0     0.0     4.0     2.0     7.0     7.0
     0.0     4.0     0.0     0.0     0.0     0.0     0.0
665, , 9240
     0.0   112.0     0.0     0.0     0.0     0.0    41.0     0.0     0.0     0.0
     0.0     1.0     0.0     0.0     9.0     0.0     3.0     0.0     2.0     2.0
     2.0     5.0     0.0     0.0     0.0     0.0     0.0
670, , 9395
     0.0   117.0     0.0     0.0     0.0     0.0    34.0     0.0     0.0     0.0
     0.0     0.0     0.0     0.0     7.0     0.0     8.0     0.0     7.0     7.0
     1.0     4.0     0.0     0.0     0.0     0.0     0.0
675, , 9550
     0.0   124.0     0.0     0.0     1.0     3.0    34.0     0.0     0.0     0.0
     0.0     2.0     0.0     2.0     3.0     0.0     7.0     1.0     7.0     7.0
     0.0     1.0     5.0     0.0     0.0     0.0     3.0
680, , 9704
     0.0    51.0     0.0     0.0     0.0    49.0   102.0     0.0     0.0     0.0
     0.0     3.0     0.0     2.0     4.0     0.0    13.0     1.0     6.0     6.0
     0.0     3.0     2.0     0.0     0.0     0.0     3.0
685, , 9859
     0.0    65.0     0.0     3.0     0.0    29.0    99.0     0.0     0.0     0.0
     0.0     5.0     0.0     3.0     6.0     0.0    13.0     2.0     8.0     8.0
     1.0     4.0     4.0     0.0     0.0     0.0     3.0
690, , 10013
     0.0    81.0     0.0     0.0     0.0    22.0    72.0     0.0     0.0     0.0
     0.0    22.0     0.0    12.0    12.0     0.0     8.0     1.0     3.0     3.0
     0.0     2.0     8.0     0.0     0.0     0.0     2.0
695, , 10168
     0.0   101.0     0.0     0.0     0.0    27.0    81.0     0.0     0.0     0.0
     0.0    22.0     0.0     5.0    21.0     4.0    13.0     3.0     4.0     4.0
     0.0     7.0     3.0     0.0     0.0     0.0     0.0
700, , 10322
     0.0   103.0     0.0     0.0     0.0    24.0    84.0     0.0     0.0     0.0
     0.0    16.0     0.0    12.0    12.0     2.0    10.0     0.0     3.0     3.0
     0.0    22.0     7.0     0.0     0.0     0.0     0.0
705, , 10477
     0.0   101.0     0.0     0.0     0.0    29.0    74.0     0.0     0.0     0.0
     0.0    17.0     2.0    14.0    23.0     5.0    13.0     3.0     2.0     2.0
     0.0    18.0     7.0     0.0     0.0     0.0     0.0
710, , 10631
     3.0    92.0     0.0     1.0     0.0    13.0    57.0     0.0     0.0     0.0
     0.0    19.0     0.0    11.0    24.0     3.0    17.0     3.0     2.0     2.0
     0.0    32.0    11.0     0.0     0.0     0.0     0.0
715, , 10786
     3.0   111.0     0.0     1.0     0.0     9.0    75.0     0.0     0.0     0.0
     0.0    39.0     0.0    13.0    17.0     5.0    15.0     4.0     0.0     0.0
     0.0    32.0    18.0     0.0     0.0     0.0     0.0
720, , 10940
     2.0    67.0     0.0     2.0     0.0     7.0    49.0     0.0     0.0     0.0
     0.0    23.0     0.0    10.0    12.0     3.0    10.0     5.0     0.0     0.0
     0.0    10.0    13.0     0.0     0.0     0.0     0.0
725, , 11095
     1.0    66.0     0.0     0.0     0.0     7.0    42.0     0.0     0.0     0.0
     0.0    12.0     0.0    12.0    11.0     5.0     8.0     2.0     0.0     0.0
     0.0     8.0    12.0     0.0     0.0     0.0     0.0
730, , 11250
     1.0    62.0     0.0     1.0     0.0     8.0    68.0     0.0     0.0     0.0
     0.0    25.0     0.0     9.0    12.0     5.0    19.0     3.0     1.0     1.0
     0.0     9.0    16.0     0.0     0.0     0.0     0.0
735, , 11404
     2.0   116.0     0.0     0.0     0.0    32.0    68.0     0.0     0.0     0.0
     0.0    34.0     0.0    22.0    19.0     7.0    15.0     3.0     0.0     0.0
     1.0    19.0    20.0     0.0     0.0     0.0     0.0
740, , 11559
     0.0    79.0     0.0     0.0     0.0    11.0    52.0     0.0     0.0     0.0
     0.0    26.0     0.0    13.0    22.0     4.0    15.0     2.0     0.0     0.0
     0.0     5.0    15.0     0.0     0.0     0.0     0.0
745, , 11713
     2.0    87.0     0.0     1.0     0.0    16.0    60.0     0.0     3.0     0.0
     0.0    28.0     0.0    18.0    15.0     5.0    11.0     0.0     0.0     0.0
     0.0    22.0    13.0     0.0     0.0     0.0     0.0
750, , 11868
     1.0   112.0     0.0     1.0     1.0    21.0    71.0     0.0     0.0     0.0
     0.0    62.0     1.0    36.0    24.0     3.0    39.0     0.0     2.0     2.0
     0.0    46.0    20.0     0.0     0.0     0.0     0.0
755, , 12022
     8.0   127.0     0.0     4.0     0.0     6.0   300.0     0.0     0.0     0.0
     4.0    23.0     0.0    32.0    41.0     4.0    21.0     2.0     2.0     2.0
     2.0    34.0    36.0     0.0     0.0     0.0     0.0
760, , 12177
     4.0    91.0     0.0     4.0     0.0     8.0   185.0     0.0     2.0     0.0
     0.0    26.0     0.0    24.0    28.0     5.0    17.0     0.0     0.0     0.0
     0.0    47.0    50.0     0.0     0.0     0.0     0.0
765, , 12331
     4.0    90.0     0.0     6.0     0.0     6.0   260.0     0.0     2.0     0.0
     0.0    22.0     0.0    18.0    44.0     0.0    18.0     5.0     0.0     0.0
     1.0    32.0     9.0     0.0     0.0     0.0     0.0
770, , 12486
     6.0   169.0     0.0     6.0     0.0     6.0   267.0     0.0     3.0     0.0
     0.0    29.0     0.0    32.0    29.0     0.0    21.0     9.0     0.0     0.0
     0.0    24.0    10.0     0.0     0.0     0.0     0.0
775, , 12640
    15.0   116.0     0.0     7.0     0.0     4.0   234.0     0.0    10.0     0.0
     0.0    23.0     3.0    29.0    47.0     4.0    18.0     3.0     0.0     0.0
     0.0    27.0     8.0     0.0     0.0     0.0     0.0
780, , 12795
     9.0    88.0     0.0     4.0     0.0     3.0   188.0     0.0    11.0     0.0
     0.0    15.0     3.0    21.0    29.0     0.0    13.0     5.0     0.0     0.0
     0.0    44.0     8.0     0.0     0.0     0.0     0.0
785, , 12950
    26.0   114.0     0.0     7.0     0.0     4.0   217.0     0.0    14.0     0.0
     5.0    29.0     1.0    19.0    14.0     0.0    11.0     2.0     2.0     2.0
     0.0    49.0     6.0     3.0     0.0     0.0     3.0
790, , 13104
    20.0   109.0     0.0     2.0     0.0     5.0   156.0     0.0    10.0     0.0
     0.0    23.0     4.0    20.0    21.0     0.0    15.0     2.0     0.0     0.0
     0.0    52.0     7.0     0.0     0.0     0.0     7.0
795, , 13259
    24.0   176.0     0.0    13.0     0.0     6.0   245.0     0.0    12.0     0.0
     4.0    20.0     3.0    38.0    28.0     0.0    22.0     4.0     0.0     0.0
     0.0    44.0     9.0     0.0     0.0     0.0     0.0
800, , 13413
    21.0   244.0     0.0     7.0     2.0     3.0   183.0     0.0    14.0     0.0
     6.0    21.0     0.0    27.0    27.0     0.0    29.0     4.0     0.0     0.0
     0.0    68.0    15.0     0.0     0.0     0.0     2.0
810, , 13722
     6.0    95.0     0.0     3.0     0.0     8.0   227.0     0.0    13.0     0.0
     2.0     8.0     1.0    27.0    23.0     0.0     7.0     5.0     0.0     0.0
     0.0    36.0     9.0     0.0     0.0     0.0     0.0
820, , 14031
     9.0    82.0     0.0     2.0     1.0     8.0   199.0     2.0    17.0     0.0
     2.0     7.0     2.0    25.0    23.0     0.0    19.0     5.0     0.0     0.0
     0.0    42.0     7.0     0.0     0.0     0.0     0.0
830, , 14340
    14.0    49.0     0.0     3.0     0.0    10.0   226.0     4.0    11.0     0.0
     2.0     7.0     5.0     5.0    14.0     0.0    18.0     4.0     0.0     0.0
     0.0    50.0     3.0     0.0     0.0     0.0     0.0
840, , 14650
    11.0   124.0     0.0     0.0     0.0     8.0   123.0     2.0    13.0     0.0
     2.0     9.0     3.0     7.0    18.0     0.0    10.0     5.0     0.0     0.0
     0.0   120.0     8.0     0.0     0.0     0.0     0.0
850, , 14959
    24.0   200.0     0.0    10.0     3.0     6.0   110.0     0.0    24.0     0.0
     4.0    22.0     3.0    12.0    10.0     0.0     8.0     4.0     4.0     4.0
     0.0   142.0    12.0     4.0     0.0     0.0     5.0
855, , 15113
     2.0    88.0     0.0     0.0     0.0     4.0    34.0     0.0     3.0     1.0
     1.0     2.0     0.0     2.0     3.0     0.0     2.0     0.0     2.0     2.0
     0.0    34.0     0.0     0.0     0.0     0.0     0.0
860, , 15268
     4.0    92.0     0.0     0.0     0.0     4.0    60.0     0.0     3.0     0.0
     2.0     2.0     0.0     2.0     6.0     0.0     9.0     0.0     5.0     5.0
     0.0    14.0     0.0     0.0     0.0     0.0     2.0
