# GPD ASCII Format
# 24 Mar 00
# Raw Counts - All Pollen Types
#
# ****************************************************************
# ** Please acknowledge the contributors and the Latin American **
# ** Pollen Database when using these data.                     **
# ****************************************************************
#
# Site name:      Lago Mascardi-Gutierrez
# Place:          ARG:Rio Negro
# Latitude:       41.15.00S      ( -41.25    )
# Longitude:      71.28.00W      ( -71.466667)
# Elevation(m):   800
# Sigle:          MASCARDI
# Entity name:
# Contact person: Markgraf, V.
#
# Radiocarbon dates:
#   Depth   Thk     Age   SDup   SDlo  Lab no.    Basis  Material
#    80.0    40    1030    160    160  HEL-553      U
#   315.0    70    4700    120    120  HEL-552      U
#   520.0    40    8700    270    270  HEL-492      U
#
# Chron name:     LAPD 1
# Age model:      linear interpolation
# Age bounds:     120 - 9000
#
# Age basis:
#   Depth   Thk     Age  AgeUp  AgeLo  RCode
#     0.0     0       0      0      0   TOP
#    80.0    40    1030   1190    970   C14
#   315.0    70    4700   4820   4580   C14
#   520.0    40    8700   8970   8430   C14
#
# Publications:   Markgraf, V. 1983. Late and Postglacial vegetational and
#                 paleoclimatic changes in subantarctic, temperate, and arid
#                 environments in Argentina. Palynology 7:43-70.
#
26 66
    1 Dri      A Drimys
    2 Emb      A Embothrium
    3 Eph      A Ephedra
    4 Ercae    A Ericaceae
    5 Lom      A Lomatia
    6 May      A Maytenus
    7 Mis      A Misodendrum
    8 Not.a    A Nothofagus antarctica
    9 Not.d    A Nothofagus dombeyi
   10 Not.p    A Nothofagus pumilio
   11 Pod      A Podocarpus
   12 Sch      A Schinus
   13 Acn      B Acaena
   14 Apiae    B Apiaceae
   15 Astae    B Asteraceae
   16 Cryae    B Caryophyllaceae
   17 Cheae    B Chenopodiaceae
   18 Cypae    B Cyperaceae
   19 Gen      B Gentiana
   20 Gun      B Gunnera
   21 Poaae    B Poaceae
   22 Val      B Valeriana
   23 Hym      F Hymenophyllum
   24 Lycae    F Lycopodiaceae
   25 Plpae    F Polypodiaceae
   26 Myp      Q Myriophyllum
10, , 128
     0.0     0.0     0.0     0.0     0.0     0.0     0.0   248.0     0.0    15.0
     0.0     0.0     0.0    15.0    29.0     0.0    29.0  1007.0     0.0     0.0
   148.0     0.0     0.0     0.0    14.0     0.0
30, , 386
     0.0     0.0     0.0     0.0     0.0     0.0     0.0    85.0     0.0     0.0
    18.0     0.0     0.0     0.0     0.0    12.0     0.0   214.0     0.0     0.0
    31.0     6.0     0.0     0.0     6.0     0.0
40, , 515
     0.0     0.0     0.0     0.0     0.0     0.0     0.0    10.0     0.0     0.0
     0.0     0.0     0.0     0.0     0.0     0.0     0.0   147.0     0.0     0.0
     0.0     0.0     0.0     0.0   672.0     0.0
55, , 708
     0.0     0.0     0.0     0.0     0.0     0.0     0.0     0.0     0.0     0.0
     0.0     0.0     0.0     0.0     0.0     0.0     0.0   102.0     0.0     0.0
     0.0     0.0     0.0     0.0    19.0     0.0
65, , 836
     0.0     0.0     0.0    40.0    16.0    16.0     0.0   112.0     0.0     0.0
     0.0     0.0     0.0    24.0    72.0    56.0     8.0   176.0     0.0     0.0
    16.0     0.0     0.0     0.0   160.0     0.0
75, , 965
     0.0     0.0     0.0     0.0     0.0     0.0     0.0     0.0     0.0     0.0
     0.0     0.0     0.0     0.0     0.0     0.0     0.0    18.0     0.0     0.0
     0.0     0.0     0.0     0.0     0.0     0.0
85, , 1108
     0.0     0.0     0.0     4.0     0.0    11.0     0.0    12.0     0.0     0.0
     0.0     0.0     0.0    30.0    11.0     0.0     8.0    53.0     0.0     0.0
     0.0     0.0     0.0     0.0    34.0     0.0
95, , 1264
     0.0     0.0     0.0     0.0     0.0     3.0     0.0     8.0     0.0     0.0
     0.0     0.0     0.0    14.0     2.0     0.0     0.0    14.0     0.0     0.0
     6.0     0.0     0.0     0.0     8.0     0.0
105, , 1420
     0.0     0.0     0.0     5.0     0.0     0.0     0.0     5.0     0.0     0.0
     5.0     0.0     0.0     0.0     0.0     0.0     0.0     0.0     0.0     0.0
     5.0     0.0     0.0     0.0     0.0     0.0
115, , 1576
     0.0     0.0     0.0     0.0     0.0    86.0     0.0  1032.0    86.0   301.0
    43.0     0.0     0.0    43.0    86.0     0.0    86.0  2494.0     0.0     0.0
   344.0     0.0     0.0     0.0    43.0     0.0
125, , 1732
     0.0     0.0     0.0     0.0     0.0    36.0    36.0  4176.0   432.0   216.0
     0.0     0.0     0.0     0.0     0.0     0.0     0.0  3096.0     0.0    72.0
   540.0     0.0     0.0     0.0     0.0   180.0
135, , 1888
     0.0     0.0     0.0     0.0     0.0     0.0     0.0  1106.0   165.0    49.0
     0.0     0.0     8.0     0.0     0.0     0.0     0.0   446.0     0.0     0.0
    33.0     0.0     0.0     0.0     8.0    16.0
145, , 2045
     0.0     0.0     0.0     0.0     0.0    30.0     0.0  1140.0   600.0   420.0
     0.0     0.0     0.0    30.0    90.0     0.0    90.0  2970.0     0.0     0.0
   390.0     0.0     0.0     0.0    30.0   120.0
155, , 2201
     0.0     0.0     0.0    21.0     0.0    16.0     0.0   170.0    48.0   101.0
     0.0     0.0     0.0     5.0     5.0     0.0     5.0   360.0     0.0     5.0
    58.0     0.0     0.0     0.0     0.0   106.0
160, , 2279
     0.0     0.0     0.0     0.0     0.0    32.0     8.0  1450.0   235.0   316.0
     0.0    24.0     0.0    24.0    49.0     0.0    49.0  2001.0     0.0     0.0
    73.0     0.0     0.0     0.0    49.0     8.0
165, , 2357
     0.0     0.0     0.0     0.0     0.0    27.0     0.0  1458.0   702.0   918.0
     0.0     0.0     0.0    27.0     0.0     0.0     0.0  4563.0     0.0     0.0
   351.0     0.0     0.0     0.0     0.0   270.0
175, , 2513
     0.0     0.0     0.0     0.0     0.0    10.0    10.0  1671.0    51.0    51.0
    62.0     0.0     0.0    31.0    10.0    20.0    10.0  2778.0     0.0     0.0
   185.0     0.0     0.0     0.0    10.0    31.0
185, , 2669
     0.0     0.0     0.0     0.0     0.0     9.0     0.0   306.0    78.0    90.0
    18.0     0.0     0.0    27.0    36.0     0.0    36.0   738.0     0.0     0.0
    63.0     0.0     0.0     0.0     0.0     9.0
190, , 2747
     0.0     0.0     0.0     0.0     0.0     0.0     0.0   851.0   106.0   173.0
    40.0     0.0     0.0    13.0   146.0     0.0   146.0  1024.0     0.0     0.0
    67.0     0.0     0.0     0.0    40.0     0.0
195, , 2825
     0.0     0.0     0.0     0.0     0.0     0.0     0.0   182.0    14.0    14.0
    28.0     0.0     0.0     0.0    98.0     0.0    98.0  1106.0     0.0     0.0
    28.0     0.0     0.0    14.0    42.0     0.0
205, , 2982
     0.0     0.0     0.0     0.0     0.0     0.0     0.0    60.0     0.0     0.0
     0.0     0.0     0.0     0.0    70.0    10.0    70.0   530.0     0.0     0.0
    30.0     0.0     0.0     0.0     0.0     0.0
215, , 3138
     0.0     0.0     0.0     0.0     0.0     0.0     0.0    44.0     0.0     0.0
    44.0     0.0     0.0     0.0   176.0     0.0   176.0   682.0     0.0     0.0
    44.0     0.0     0.0     0.0    11.0     0.0
225, , 3294
     0.0     0.0     0.0     0.0     0.0     0.0     0.0   146.0    10.0    19.0
    19.0     0.0     0.0     0.0   116.0    10.0   116.0   534.0     0.0     0.0
    19.0     0.0     0.0     0.0    39.0     0.0
245, , 3606
     0.0     0.0     0.0     0.0     0.0     0.0     0.0   264.0     0.0    24.0
    24.0     0.0     0.0    48.0    72.0     0.0    72.0  1824.0     0.0     0.0
    72.0     0.0     0.0     0.0    72.0     0.0
255, , 3762
     0.0     0.0     0.0     0.0     0.0     0.0     0.0   151.0     6.0     6.0
     6.0     0.0    13.0     0.0    25.0     0.0    25.0   416.0     0.0     0.0
    82.0     0.0     0.0     0.0    76.0     0.0
260, , 3841
     0.0     0.0     0.0     0.0     0.0     0.0     0.0     0.0     0.0     0.0
     0.0     0.0     0.0     0.0     0.0     0.0     0.0     0.0     0.0     0.0
     0.0     0.0     0.0     0.0     0.0     0.0
275, , 4075
     0.0     0.0     0.0     0.0     0.0     8.0     0.0   448.0     0.0     8.0
     8.0     0.0     0.0    15.0   129.0    15.0    23.0  1254.0     0.0     0.0
    30.0     0.0     0.0     0.0    38.0     0.0
285, , 4231
     0.0     0.0     0.0     0.0     0.0    13.0     0.0    80.0     0.0     0.0
     0.0     0.0     0.0     0.0   106.0     0.0     0.0   838.0     0.0    13.0
    40.0    14.0     0.0     0.0    13.0     0.0
295, , 4387
     0.0     0.0     0.0     0.0     0.0     0.0    10.0   320.0     0.0     0.0
     0.0     0.0     0.0    10.0    80.0     0.0    10.0   840.0     0.0     0.0
    60.0     0.0     0.0     0.0    50.0     0.0
305, , 4543
     0.0     0.0     9.0     0.0     0.0     0.0     0.0   117.0     9.0     0.0
     0.0     0.0     0.0     0.0   153.0     0.0    27.0   144.0     0.0     0.0
     9.0     0.0     0.0     0.0     9.0     0.0
315, , 4700
     0.0     0.0     0.0     0.0     0.0    33.0     0.0    50.0     0.0     0.0
     0.0     0.0     0.0     0.0    67.0     0.0     0.0   635.0     0.0     0.0
    33.0     0.0     0.0     0.0    50.0     0.0
325, , 4895
     0.0     0.0     0.0     0.0     0.0     0.0     0.0   555.0    15.0     0.0
     0.0     0.0     0.0     0.0   240.0     0.0    15.0   465.0     0.0     0.0
    15.0     0.0     0.0     0.0    45.0     0.0
335, , 5090
     0.0     0.0     0.0     0.0     0.0    20.0     0.0   300.0     0.0     0.0
     0.0    10.0     0.0     0.0   500.0     0.0    10.0   940.0     0.0     0.0
   190.0     0.0     0.0     0.0    30.0     0.0
345, , 5285
     0.0     0.0     0.0     0.0     0.0     0.0     0.0   120.0     0.0     0.0
     0.0     0.0     0.0     0.0    26.0     0.0    26.0   206.0     0.0     0.0
    17.0     0.0     0.0     0.0    18.0     0.0
355, , 5480
     0.0     0.0     0.0     0.0     0.0     0.0     0.0   644.0    28.0     0.0
    14.0     0.0     0.0     0.0   336.0     0.0    28.0   280.0     0.0     0.0
    42.0     0.0     0.0     0.0   154.0     0.0
365, , 5675
    40.0     0.0     0.0    20.0     0.0     0.0     0.0   640.0    20.0     0.0
    20.0     0.0     0.0     0.0   440.0     0.0    20.0   340.0     0.0     0.0
    40.0     0.0     0.0     0.0  3400.0     0.0
375, , 5870
     0.0     0.0     0.0    49.0     0.0     0.0     0.0   490.0     0.0     0.0
     0.0     0.0     0.0     0.0   196.0     0.0     0.0   809.0     0.0     0.0
   147.0     0.0     0.0     0.0   588.0     0.0
385, , 6065
     0.0     9.0     0.0     0.0     0.0     0.0     0.0   189.0     0.0     0.0
     0.0     0.0     0.0     9.0   144.0     9.0     0.0   261.0     0.0     0.0
    54.0     0.0     0.0     0.0   117.0     0.0
395, , 6260
     0.0     0.0     0.0     0.0     0.0    20.0    20.0   260.0     0.0     0.0
     0.0     0.0     0.0     0.0    60.0     0.0     0.0   440.0     0.0     0.0
   100.0     0.0     0.0    20.0   980.0     0.0
405, , 6456
     0.0     0.0     0.0     0.0     0.0    17.0     0.0   425.0    17.0     0.0
    51.0     0.0     0.0     0.0   306.0     0.0     0.0  1037.0     0.0     0.0
   187.0    51.0     0.0     0.0   901.0     0.0
415, , 6651
     0.0     0.0     0.0     0.0     0.0    39.0     0.0   215.0     0.0     0.0
     0.0     0.0     0.0     0.0   253.0     0.0     0.0   234.0     0.0     0.0
    59.0     0.0     0.0     0.0  1014.0     0.0
420, , 6748
     0.0     0.0     0.0     0.0     0.0    24.0     0.0   696.0     0.0     0.0
     0.0     0.0     0.0     0.0   672.0     0.0    24.0   696.0     0.0     0.0
   120.0     0.0     0.0     0.0  1344.0     0.0
425, , 6846
     0.0     0.0     0.0     0.0     0.0     0.0     0.0   308.0     0.0    22.0
     0.0     0.0     0.0     0.0   418.0     0.0    22.0     0.0     0.0     0.0
    66.0     0.0     0.0     0.0   528.0     0.0
435, , 7041
     0.0     0.0     0.0     0.0     0.0    13.0     0.0    78.0     0.0     0.0
    26.0     0.0     0.0     0.0   312.0     0.0     0.0   455.0     0.0     0.0
    13.0     0.0     0.0     0.0   156.0     0.0
445, , 7236
     0.0    19.0    19.0     0.0     0.0    19.0     0.0   171.0     0.0     0.0
     0.0     0.0     0.0     0.0   779.0     0.0    95.0  1159.0     0.0     0.0
   133.0    19.0     0.0    19.0   437.0     0.0
455, , 7431
     0.0     0.0     0.0     0.0     0.0    14.0     0.0    82.0     0.0     0.0
     0.0     0.0     0.0     0.0    54.0     0.0     0.0   272.0     0.0     0.0
    41.0     0.0     0.0     0.0   190.0     0.0
465, , 7626
     0.0     0.0     0.0     0.0     0.0     0.0     0.0   175.0     0.0     0.0
    35.0     0.0     0.0     0.0   350.0     0.0     0.0   805.0     0.0     0.0
   210.0     0.0     0.0     0.0   280.0     0.0
470, , 7724
     0.0     0.0     0.0     0.0     0.0     0.0     0.0    18.0     0.0     0.0
     0.0     0.0     0.0     0.0    11.0     0.0     0.0    56.0     0.0     0.0
    28.0     0.0     0.0     3.0    10.0     0.0
475, , 7821
     0.0     0.0     0.0     0.0     0.0     0.0     0.0   330.0     0.0     0.0
    30.0     0.0     0.0     0.0   240.0     0.0    30.0   540.0     0.0     0.0
   210.0     0.0     0.0     0.0   210.0     0.0
485, , 8017
     0.0     0.0     0.0     0.0     0.0     0.0     0.0   285.0     0.0     0.0
    15.0     0.0     0.0    15.0   300.0     0.0    15.0   570.0     0.0     0.0
   315.0     0.0     0.0     0.0   225.0     0.0
495, , 8212
     0.0     0.0     0.0     9.0     0.0     0.0     0.0   153.0     0.0     0.0
     9.0     0.0     0.0     0.0   108.0     0.0    36.0   945.0     0.0     0.0
    72.0    63.0     0.0     0.0   522.0     0.0
505, , 8407
     0.0     0.0     0.0     0.0     0.0     0.0     0.0    84.0     0.0     0.0
     0.0     0.0    28.0     0.0   196.0     0.0     0.0   672.0    28.0    28.0
   252.0   140.0     0.0     0.0  1568.0     0.0
510, , 8504
     0.0     0.0     0.0     0.0     0.0     0.0     0.0     0.0     0.0     0.0
     0.0     0.0     0.0     0.0     0.0     0.0     0.0     0.0     0.0     0.0
     0.0     0.0     0.0     0.0     0.0     0.0
515, , 8602
     0.0     0.0     0.0     0.0     0.0     0.0     0.0   504.0     0.0     0.0
     0.0     0.0     0.0     0.0   216.0     0.0     0.0    36.0     0.0     0.0
   180.0    36.0     0.0     0.0  3204.0     0.0
520, , 8700
     0.0     0.0     0.0     9.0     0.0     0.0     0.0   129.0     0.0     0.0
    37.0     0.0     0.0     0.0   396.0    18.0     0.0   368.0     0.0     9.0
   156.0    74.0     0.0     0.0  1353.0     0.0
525, , 8797
     0.0     0.0     0.0    20.0     0.0     0.0    10.0   316.0     0.0     0.0
    10.0     0.0     0.0     0.0   112.0    10.0     0.0   163.0     0.0     0.0
    61.0     0.0     0.0     0.0   684.0     0.0
530, , 8895
     0.0     0.0     0.0     9.0     0.0     0.0     0.0   162.0     0.0     0.0
    45.0     9.0     0.0     9.0    72.0     0.0     0.0   243.0     9.0    72.0
    54.0     0.0     0.0     0.0   198.0     0.0
535, , 8992
     0.0     0.0     0.0     0.0     0.0     0.0     0.0   340.0     0.0     0.0
    60.0     0.0     0.0     0.0   380.0     0.0    20.0   360.0     0.0     0.0
   180.0     0.0     0.0     0.0  2000.0     0.0
540, , 9090
     0.0     0.0     9.0    28.0     0.0     0.0     0.0   158.0     0.0     0.0
     0.0     0.0     0.0     0.0   316.0     0.0     0.0   586.0     0.0     9.0
    65.0     0.0     0.0     0.0  1470.0     0.0
543, , 9148
     0.0     0.0     7.0    23.0     8.0     0.0    31.0   362.0     0.0     8.0
    15.0     0.0     0.0     0.0   393.0     0.0    39.0  2980.0    23.0     0.0
   123.0     0.0     0.0     0.0   246.0     0.0
545, , 9187
     0.0     0.0     6.0    30.0     0.0     0.0     6.0    84.0     0.0     0.0
     0.0     0.0     0.0     0.0    78.0     0.0     6.0   120.0     6.0     0.0
    84.0     0.0     0.0     0.0   126.0     0.0
555, , 9382
     0.0     0.0     0.0     0.0     0.0     0.0     0.0    70.0     0.0     0.0
     0.0     0.0     0.0     0.0    14.0    14.0     0.0   672.0    14.0     0.0
    28.0    42.0     0.0    14.0    98.0     0.0
565, , 9578
     0.0     0.0     0.0   175.0     0.0     0.0     0.0   175.0     0.0     0.0
    35.0     0.0     0.0     0.0    77.0     0.0     7.0    35.0     0.0     0.0
    28.0     0.0     0.0     0.0   322.0    28.0
575, , 9773
     0.0     0.0     0.0   263.0     0.0     0.0     0.0  1270.0     0.0     0.0
    15.0     0.0     0.0     0.0   131.0     0.0    14.0   628.0     0.0     0.0
   117.0     0.0    14.0     0.0  1387.0     0.0
585, , 9968
     0.0     0.0     0.0    88.0     0.0     0.0     8.0   856.0     0.0     0.0
     0.0     0.0     0.0     0.0    32.0     0.0     0.0    48.0     0.0     0.0
   112.0     0.0     0.0     0.0  1456.0     0.0
595, , 10163
     0.0     0.0     0.0     5.0     0.0     0.0     0.0    24.0     0.0     0.0
     1.0     0.0     0.0     0.0     2.0     0.0     0.0    41.0     0.0     0.0
     0.0     0.0     0.0     0.0   386.0   460.0
