# GPD ASCII Format
# 24 Apr 00
# Raw Counts - All Pollen Types
#
# ****************************************************************
# ** Please acknowledge the contributors and the Latin American **
# ** Pollen Database when using these data.                     **
# ****************************************************************
#
# Site name:      Valle Laguna Victoria
# Place:          VEN:Mérida
# Latitude:       8.48.30N       (   8.808333)
# Longitude:      70.47.30W      ( -70.791667)
# Elevation(m):   3250
# Sigle:          VALAVICT
# Entity name:
# Contact person: Graf, K.
#
# Radiocarbon dates:
#   Depth   Thk     Age   SDup   SDlo  Lab no.    Basis  Material
#   195.0     5    3400     65     65  ETH-10735    A
#   250.0     5   11810     90     90  ETH-12321    A
#   280.0     5   12110    110    110  ETH-10736    A
#
# Chron name:     LAPD 1
# Age model:      linear interpolation
# Age bounds:     0 - 12210
#
# Age basis:
#   Depth   Thk     Age  AgeUp  AgeLo  RCode
#     0.0     0       0      0      0   TOP
#   195.0     5    3400   3465   3335   C14
#   250.0     5   11810  11900  11720   C14
#   280.0     5   12110  12220  12000   C14
#
33 15
    1 Aln      A Alnus
    2 Ercae    A Ericaceae
    3 Hdm      A Hedyosmum
    4 Mrs      A Myrsine
    5 Pod      A Podocarpus
    6 Apiae.ud B Apiaceae undiff.
    7 Astae.As B Asteraceae subf. Asteroideae
    8 Azr      B Azorella
    9 Cryae    B Caryophyllaceae
   10 Cheae    B Chenopodiaceae
   11 Cypae    B Cyperaceae
   12 Gen-t    B Gentiana-type
   13 Gerae    B Geraniaceae
   14 Malae    B Malvaceae
   15 Ongae    B Onagraceae
   16 Pln      B Plantago
   17 Poaae    B Poaceae
   18 Po/Ac    B Polylepis/Acaena
   19 Rum      B Rumex
   20 Solae    B Solanaceae
   21 Cya      F Cyathea
   22 Glc      F Gleichenia
   23 Jam      F Jamesonia
   24 Lycae.ud F Lycopodiaceae undiff.
   25 Lyc.cl   F Lycopodium clavatum
   26 Plp      F Polypodium
   27 Pts      F Pteris
   28 Iso      Q Isoëtes
   29 sp.m.ud  S Spore (monolete undiff.)
   30 sp.t.ps  S Spore (trilete psilate)
   31 sp.t.ud  S Spore (trilete undiff.)
   32 Fu:      U Fungus
   33 ot       X Other
0, , 0
     1.0     1.0     2.0     4.0     6.0     1.0    61.0     1.0     7.0     0.0
    23.0     0.0     0.0     0.0     1.0     0.0    19.0    10.0     5.0     4.0
     0.0     0.0     5.0    57.0     3.0     1.0     1.0     5.0     3.0     1.0
     0.0     6.0     4.0
20, , 349
     0.0     1.0     6.0     0.0     1.0     0.0    35.0     0.0     3.0     0.0
    31.0     0.0     1.0     0.0     4.0     4.0    34.0     3.0     0.0     5.0
     2.0     0.0     3.0    34.0     1.0     5.0     0.0    10.0     5.0     1.0
     4.0     5.0     9.0
50, , 872
     1.0     0.0     2.0     1.0     0.0     6.0    32.0     0.0    31.0     0.0
    32.0     1.0     1.0     0.0     2.0     1.0    35.0     0.0     0.0     7.0
     2.0     0.0     1.0   800.0     0.0     5.0     0.0     4.0     3.0     2.0
     0.0    12.0     4.0
90, , 1569
     3.0     0.0    11.0     0.0     2.0     4.0    30.0     0.0    25.0     0.0
    15.0     0.0     1.0     0.0     2.0     0.0    27.0     0.0     0.0     1.0
     0.0     0.0     1.0   300.0     1.0     4.0     0.0     4.0     2.0     4.0
     0.0     1.0     4.0
120, , 2092
     3.0     0.0     1.0     0.0     1.0     0.0    18.0     0.0     4.0     0.0
    13.0     1.0     5.0     1.0     5.0     4.0    44.0     0.0     0.0     0.0
     6.0     0.0     2.0   500.0     0.0     5.0     0.0     1.0     4.0     2.0
     0.0     7.0     2.0
150, , 2615
     1.0     0.0     7.0     0.0     1.0     5.0    35.0     1.0    18.0     0.0
    12.0     0.0     0.0     0.0     4.0     5.0    22.0     1.0     0.0     6.0
     4.0     0.0     0.0   400.0     0.0     5.0     0.0     5.0     3.0     1.0
     1.0     3.0     4.0
170, , 2964
     2.0     1.0     7.0     0.0     4.0     4.0    33.0     0.0    28.0     1.0
    10.0     0.0     1.0     0.0     1.0     1.0    29.0     0.0     0.0     0.0
     4.0     1.0     3.0   420.0     3.0     2.0     0.0     1.0     1.0     4.0
     0.0    11.0     3.0
190, , 3313
     3.0     0.0     8.0     0.0     2.0     3.0    23.0     2.0    13.0     0.0
    19.0     1.0     1.0     0.0     1.0     1.0    33.0     0.0     0.0     3.0
     0.0     0.0     0.0   220.0     4.0     1.0     0.0     0.0     8.0     3.0
     1.0     2.0     1.0
210, , 5694
     6.0     0.0     2.0     0.0     0.0     0.0     2.0     1.0     0.0     0.0
    51.0     1.0     0.0     0.0     0.0     0.0    95.0     0.0     0.0     1.0
     1.0     0.0     0.0     5.0     0.0     0.0     0.0     2.0     0.0     1.0
     0.0    14.0     4.0
245, , 11045
     1.0     0.0     7.0     1.0     2.0     0.0    14.0     0.0     2.0     0.0
    47.0     0.0     0.0     0.0     0.0     0.0    64.0     0.0     0.0     2.0
     1.0     0.0     0.0     4.0     0.0     1.0     0.0     0.0     0.0     1.0
     0.0    25.0     7.0
255, , 11860
     2.0     0.0     0.0     0.0     2.0     0.0     7.0     1.0     0.0     0.0
     0.0     0.0     0.0     1.0     0.0     0.0    83.0     0.0     0.0     0.0
     0.0     0.0     0.0     3.0     0.0     0.0     0.0     2.0     0.0     2.0
     0.0    20.0     6.0
275, , 12060
     4.0     0.0     4.0     0.0     2.0     0.0    11.0     0.0     0.0     0.0
    45.0     1.0     0.0     0.0     0.0     0.0    96.0     0.0     0.0     2.0
     2.0     0.0     0.0     3.0     0.0     0.0     0.0     1.0     0.0     2.0
     0.0   220.0     2.0
290, , 12210
     4.0     0.0     3.0     0.0     0.0     0.0    12.0     0.0     0.0     0.0
     2.0     0.0     0.0     0.0     0.0     0.0    89.0     0.0     0.0     0.0
     0.0     0.0     0.0     1.0     0.0     0.0     0.0     2.0     0.0     0.0
     1.0    42.0     4.0
325, , 12560
     5.0     0.0     1.0     0.0     0.0     0.0     6.0     0.0     3.0     0.0
     1.0     0.0     0.0     0.0     0.0     0.0    85.0     0.0     0.0     0.0
     1.0     1.0     0.0     8.0     0.0     0.0     0.0     1.0     0.0     1.0
     0.0    44.0     3.0
350, , 12810
     7.0     0.0     1.0     0.0     2.0     0.0    11.0     0.0     0.0     0.0
    14.0     0.0     0.0     0.0     0.0     0.0    85.0     0.0     0.0     0.0
     0.0     0.0     0.0     5.0     0.0     1.0     0.0     0.0     0.0     1.0
     0.0    81.0     1.0
