# GPD ASCII Format
# 25 Mar 00
# Raw Counts - All Pollen Types
#
# ****************************************************************
# ** Please acknowledge the contributors and the North American **
# ** Pollen Database when using these data.                     **
# ****************************************************************
#
# Site name:      Weber Lake
# Place:          USA:Minnesota
# Latitude:       47.28.18N      (  47.471667)
# Longitude:      91.39.36W      ( -91.66    )
# Elevation(m):   559
# Sigle:          WEBER-S1
# Entity name:    core S:1
# Contact person: Fries, M.
#
# Chron name:     [no chron]
#
31 20
    1 Abi      A Abies
    2 Ace.sa-t A Acer saccharum-type
    3 Aln      A Alnus
    4 Bet      A Betula
    5 Car      A Carya
    6 Cor      A Corylus
    7 Cupae    A Cupressaceae
    8 Ercae    A Ericaceae
    9 Fra      A Fraxinus
   10 Jug      A Juglans
   11 Lar      A Larix
   12 Os/Ca    A Ostrya/Carpinus
   13 Pic      A Picea
   14 Pin      A Pinus
   15 Pop      A Populus
   16 Que      A Quercus
   17 Slx      A Salix
   18 Til      A Tilia
   19 Ulm      A Ulmus
   20 Amb-t    B Ambrosia-type
   21 Art      B Artemisia
   22 Astae.Au B Asteraceae subf. Asteroideae undiff.
   23 Astae.Ci B Asteraceae subf. Cichorioideae
   24 Braae    B Brassicaceae
   25 Cryae    B Caryophyllaceae
   26 Ch/Am    B Chenopodiaceae/Amaranthaceae
   27 Cypae    B Cyperaceae
   28 Poaae    B Poaceae
   29 Rum      B Rumex
   30 Drp-t    F Dryopteris-type
   31 Ptr-t    F Pteridium-type
525
    23.0     1.0    90.0   179.0     1.0     6.0     1.0     0.0     8.0     0.0
    13.0     9.0    48.0   437.0     5.0    19.0     7.0     0.0    18.0    17.0
    13.0     0.0     1.0     0.0     0.0     4.0     7.0     6.0     0.0     0.0
     0.0
545
    15.0     0.0    76.0    89.0     0.0     6.0     0.0     0.0     3.0     0.0
    10.0     4.0    80.0   346.0     0.0    21.0     4.0     1.0    15.0    15.0
    11.0     0.0     0.0     0.0     0.0     5.0     9.0     7.0     0.0     0.0
     0.0
565
    23.0     0.0    72.0   177.0     0.0     4.0     2.0     0.0    15.0     1.0
    10.0     9.0    81.0   395.0     6.0    15.0     9.0     0.0    16.0    28.0
    21.0     0.0     0.0     1.0     0.0    19.0     8.0     8.0     1.0     0.0
     0.0
585
     9.0     1.0    84.0    82.0     2.0     3.0     1.0     0.0     1.0     0.0
    10.0     8.0    94.0   489.0     0.0    20.0     5.0     0.0    14.0    13.0
    13.0     0.0     0.0     0.0     0.0     5.0     2.0    10.0     0.0     0.0
     0.0
605
     7.0     0.0    19.0    76.0     1.0     4.0     1.0     1.0     7.0     1.0
    26.0    13.0    94.0   421.0     3.0    33.0     1.0     0.0    27.0    11.0
    20.0     0.0     0.0     0.0     0.0     5.0     5.0     6.0     0.0     2.0
    11.0
625
     3.0     0.0     9.0    95.0     1.0     8.0     0.0     0.0     4.0     1.0
    22.0    10.0   189.0   354.0     0.0    38.0     5.0     0.0    47.0    12.0
    13.0     0.0     0.0     1.0     0.0     4.0     6.0     9.0     0.0     2.0
     0.0
645
     3.0     1.0     3.0    96.0     4.0     4.0     0.0     0.0     9.0     0.0
    25.0    10.0   258.0   281.0     3.0    20.0     3.0     2.0    36.0    12.0
    16.0     0.0     0.0     0.0     0.0     2.0    10.0     5.0     0.0     1.0
     2.0
665
     1.0     2.0     2.0    74.0     2.0     6.0     2.0     0.0     4.0     3.0
    21.0    11.0   263.0   334.0     6.0    38.0     3.0     1.0    24.0    10.0
    11.0     0.0     0.0     0.0     0.0     6.0    17.0     7.0     0.0     1.0
     0.0
685
     4.0     3.0     8.0    56.0     2.0     4.0     2.0     0.0    18.0     2.0
    22.0     9.0   268.0   213.0    11.0    45.0    17.0     0.0    53.0    19.0
    33.0     0.0     2.0     0.0     0.0     6.0    36.0    13.0     0.0     0.0
     1.0
705
     0.0     0.0     3.0    50.0     3.0     2.0     2.0     0.0    13.0     1.0
     6.0     0.0   183.0    71.0     0.0    17.0    13.0     0.0    12.0     3.0
    24.0     2.0     2.0     0.0     1.0     6.0    33.0     4.0     0.0     0.0
     0.0
715
     0.0     0.0     8.0   160.0     0.0     3.0     3.0     0.0    17.0     0.0
     5.0     4.0   146.0    20.0     6.0    18.0    14.0     0.0    14.0     5.0
    39.0     0.0     2.0     0.0     0.0     7.0    43.0    13.0     0.0     0.0
     0.0
725
     1.0     0.0    17.0   192.0     0.0     9.0     0.0     0.0     2.0     0.0
     0.0     1.0    60.0     3.0     0.0     4.0    17.0     0.0     1.0    13.0
    53.0     0.0     0.0     0.0     0.0     7.0    82.0     9.0     0.0     1.0
     0.0
735
     0.0     0.0     8.0   204.0     0.0     2.0     2.0     0.0     6.0     0.0
     0.0     1.0   132.0    11.0     0.0    10.0    25.0     1.0     2.0    18.0
   124.0     0.0     0.0     0.0     1.0    16.0   127.0    14.0     0.0     0.0
     0.0
745
     0.0     0.0     4.0   209.0     0.0     6.0     0.0     0.0    12.0     0.0
     0.0     1.0    73.0     4.0     0.0     4.0    19.0     0.0     2.0    22.0
    40.0     0.0     0.0     0.0     0.0    11.0    75.0     4.0     0.0     3.0
     0.0
755
     0.0     0.0     3.0    36.0     0.0     3.0     5.0     0.0    10.0     0.0
     0.0    14.0   168.0    24.0     0.0    17.0    50.0     0.0     1.0    49.0
   100.0     0.0     0.0     1.0     0.0     5.0   170.0    21.0     0.0    18.0
     0.0
765
     0.0     0.0     3.0     5.0     1.0     3.0     0.0     0.0     4.0     0.0
     0.0     6.0   123.0     5.0     0.0     7.0     9.0     0.0     1.0    36.0
    87.0     0.0     0.0     1.0     1.0     2.0    53.0    12.0     0.0     4.0
     0.0
775
     0.0     4.0     9.0    14.0     0.0     2.0     1.0     0.0     9.0     0.0
     0.0    14.0    51.0    14.0     1.0     6.0     7.0     0.0     1.0    23.0
    61.0     5.0     0.0     0.0     2.0     4.0    34.0    11.0     0.0     2.0
     0.0
785
     0.0     0.0     5.0     3.0     0.0     1.0     1.0     0.0     1.0     0.0
     0.0     2.0    60.0    19.0     0.0     4.0     4.0     0.0     0.0    11.0
   109.0     2.0     0.0     0.0     1.0     1.0    19.0     9.0     0.0     2.0
     0.0
805
     0.0     0.0     4.0     4.0     1.0     4.0     0.0     0.0    10.0     0.0
     0.0     3.0    45.0    15.0     0.0    17.0     8.0     0.0     1.0     7.0
    45.0     0.0     0.0     0.0     0.0     1.0    16.0     3.0     0.0     3.0
     0.0
825
     1.0     0.0    19.0     7.0     0.0     7.0     4.0     0.0     4.0     0.0
     0.0     3.0   113.0    16.0     0.0    15.0     4.0     0.0     2.0    16.0
    73.0     0.0     0.0     0.0     0.0     5.0    12.0    16.0     0.0     1.0
     0.0
