# GPD ASCII Format
# 25 Mar 00
# Raw Counts - All Pollen Types
#
# ****************************************************************
# ** Please acknowledge the contributors and the North American **
# ** Pollen Database when using these data.                     **
# ****************************************************************
#
# Site name:      Weber Lake
# Place:          USA:Minnesota
# Latitude:       47.28.18N      (  47.471667)
# Longitude:      91.39.36W      ( -91.66    )
# Elevation(m):   559
# Sigle:          WEBER-C1
# Entity name:    core C:1
# Contact person: Fries, M.
#
# Chron name:     [no chron]
#
43 44
    1 Abi      A Abies
    2 Ace.sa-t A Acer saccharum-type
    3 Aln      A Alnus
    4 Bet      A Betula
    5 Car      A Carya
    6 Cor      A Corylus
    7 Cupae    A Cupressaceae
    8 Eph      A Ephedra
    9 Fag      A Fagus
   10 Fra      A Fraxinus
   11 Jug      A Juglans
   12 Lar      A Larix
   13 Myrae    A Myricaceae
   14 Os/Ca    A Ostrya/Carpinus
   15 Pic      A Picea
   16 Pin      A Pinus
   17 Pop      A Populus
   18 Que      A Quercus
   19 Slx      A Salix
   20 She.a    A Shepherdia argentea
   21 Til      A Tilia
   22 Tsu      A Tsuga
   23 Ulm      A Ulmus
   24 Amb-t    B Ambrosia-type
   25 Apiae    B Apiaceae
   26 Art      B Artemisia
   27 Astae.Au B Asteraceae subf. Asteroideae undiff.
   28 Braae    B Brassicaceae
   29 Cryae    B Caryophyllaceae
   30 Ch/Am    B Chenopodiaceae/Amaranthaceae
   31 Cypae    B Cyperaceae
   32 Gal      B Galium
   33 Hum-t    B Humulus-type
   34 Lamae    B Lamiaceae
   35 Poaae    B Poaceae
   36 Pol      B Polygonum
   37 Ran      B Ranunculus
   38 Rum      B Rumex
   39 Urtae    B Urticaceae
   40 Drp-t    F Dryopteris-type
   41 Ptr-t    F Pteridium-type
   42 Pdi      L Pediastrum
   43 unk      X Unknown
275
     6.0     1.0    29.0   154.0     2.0     7.0     3.0     0.0     0.0     8.0
     1.0     3.0     0.0     2.0    43.0   410.0     0.0    12.0     1.0     0.0
     0.0     0.0     5.0     4.0     0.0    16.0     1.0     0.0     0.0     5.0
     8.0     0.0     0.0     0.0     3.0     0.0     0.0     0.0     0.0     1.0
     0.0     3.0     2.0
300
     6.0     0.0    57.0   130.0     0.0     2.0     1.0     0.0     1.0     8.0
     0.0     4.0     0.0     0.0    29.0   370.0     1.0    20.0     4.0     0.0
     1.0     0.0     3.0     6.0     0.0    23.0     2.0     0.0     0.0     7.0
     3.0     0.0     0.0     0.0     7.0     0.0     0.0     0.0     0.0     3.0
     0.0     1.0     3.0
320
     4.0     0.0    26.0    68.0     0.0     0.0     0.0     0.0     0.0     3.0
     0.0    10.0     0.0     2.0    22.0   391.0     1.0     3.0     0.0     0.0
     0.0     0.0     8.0     5.0     0.0     9.0     0.0     0.0     0.0     1.0
     3.0     0.0     0.0     0.0     7.0     1.0     0.0     0.0     0.0     0.0
     0.0     2.0     0.0
340
    12.0     1.0    46.0   136.0     0.0     2.0     0.0     0.0     0.0     9.0
     0.0    13.0     0.0    18.0    19.0   890.0     5.0    45.0     2.0     0.0
     0.0     0.0     5.0    19.0     0.0    24.0     5.0     0.0     0.0     7.0
     4.0     0.0     0.0     0.0     9.0     0.0     0.0     0.0     0.0     3.0
     0.0     2.0     3.0
360
     3.0     3.0    32.0    83.0     0.0     6.0     0.0     0.0     0.0    10.0
     1.0    12.0     0.0     9.0     4.0   962.0     1.0    22.0     3.0     0.0
     0.0     1.0     8.0    17.0     0.0    15.0     0.0     0.0     0.0     4.0
     4.0     1.0     0.0     0.0    11.0     0.0     0.0     1.0     0.0     2.0
     2.0     3.0     4.0
380
     1.0     0.0    46.0    97.0     1.0     4.0     1.0     0.0     0.0    19.0
     0.0    11.0     1.0     9.0     7.0   950.0     1.0    35.0     6.0     0.0
     0.0     0.0    13.0    24.0     0.0    23.0     1.0     0.0     0.0     7.0
     2.0     0.0     0.0     0.0     7.0     0.0     0.0     0.0     0.0     2.0
     0.0     3.0     0.0
400
     6.0     0.0    45.0    92.0     1.0     7.0     5.0     0.0     0.0    21.0
     0.0     1.0     0.0     8.0     5.0   990.0     5.0    35.0     4.0     0.0
     0.0     0.0    19.0    16.0     0.0    24.0     2.0     0.0     0.0    15.0
     6.0     0.0     0.0     0.0    11.0     0.0     0.0     0.0     0.0    12.0
     0.0     8.0     3.0
420
    12.0     0.0    41.0    90.0     0.0     4.0     0.0     0.0     0.0    15.0
     0.0     8.0     0.0     8.0     2.0   543.0     3.0    21.0     3.0     0.0
     0.0     0.0    11.0    12.0     0.0    24.0     0.0     0.0     0.0     3.0
     4.0     0.0     0.0     1.0     5.0     0.0     0.0     0.0     0.0     1.0
     0.0     2.0     3.0
440
     2.0     1.0    37.0   125.0     1.0     8.0     0.0     0.0     0.0     7.0
     0.0     4.0     0.0     4.0     5.0  1020.0     3.0    34.0     2.0     0.0
     0.0     0.0     8.0    24.0     0.0    24.0     1.0     0.0     0.0    12.0
     1.0     0.0     0.0     0.0     5.0     0.0     0.0     0.0     0.0     6.0
     3.0     7.0     3.0
460
    13.0     2.0    53.0   127.0     0.0     5.0     3.0     0.0     0.0    32.0
     1.0    11.0     0.0    13.0    12.0   816.0     1.0    52.0     4.0     0.0
     0.0     0.0    19.0    32.0     0.0    25.0     2.0     0.0     0.0     9.0
     4.0     0.0     0.0     0.0     8.0     0.0     0.0     0.0     0.0    17.0
     0.0    14.0     3.0
470
     3.0     1.0    26.0   114.0     1.0     6.0     5.0     0.0     1.0    12.0
     2.0     1.0     0.0     9.0    12.0   458.0     3.0    21.0     1.0     0.0
     0.0     0.0    22.0    21.0     0.0    16.0     5.0     0.0     0.0    10.0
    11.0     0.0     0.0     0.0     9.0     0.0     0.0     0.0     0.0     5.0
     0.0     5.0     1.0
480
     4.0     1.0    90.0   268.0     0.0    15.0     7.0     0.0     0.0    22.0
     1.0     3.0     0.0     4.0    19.0   480.0     5.0    44.0    10.0     0.0
     0.0     0.0    18.0    54.0     0.0    44.0     9.0     0.0     0.0    31.0
    12.0     0.0     0.0     0.0    11.0     0.0     0.0     0.0     0.0    10.0
     0.0     9.0     5.0
490
     7.0     1.0    69.0   132.0     0.0    11.0     4.0     0.0     0.0    22.0
     0.0     4.0     0.0     9.0    18.0   598.0    15.0    27.0    11.0     0.0
     0.0     0.0     0.0    32.0     0.0    33.0     3.0     0.0     0.0    21.0
    10.0     0.0     0.0     0.0    11.0     0.0     0.0     0.0     0.0     4.0
     0.0    41.0     8.0
500
     5.0     2.0    69.0   129.0     0.0     9.0     1.0     0.0     0.0    20.0
     1.0     7.0     1.0     7.0    13.0   336.0     4.0    24.0     5.0     0.0
     0.0     0.0    14.0    45.0     0.0    29.0     6.0     1.0     0.0    15.0
    10.0     0.0     0.0     0.0     8.0     0.0     0.0     0.0     0.0     3.0
     2.0    12.0     4.0
510
    14.0     3.0    46.0   163.0     0.0     5.0     5.0     0.0     0.0    25.0
     1.0     2.0     1.0     4.0    26.0   385.0     6.0    10.0     4.0     0.0
     0.0     0.0    16.0    27.0     0.0    30.0     7.0     0.0     0.0     9.0
    11.0     0.0     0.0     0.0    15.0     0.0     0.0     0.0     0.0     5.0
     0.0    37.0     4.0
520
     7.0     1.0    36.0   135.0     2.0     1.0     2.0     0.0     0.0    13.0
     0.0     4.0     0.0     4.0    21.0   305.0     6.0    15.0     3.0     0.0
     0.0     0.0    14.0    10.0     0.0    26.0     4.0     0.0     0.0    11.0
     6.0     0.0     0.0     0.0    11.0     0.0     0.0     0.0     0.0     1.0
     0.0    22.0     2.0
540
    11.0     0.0    67.0   166.0     1.0     4.0     3.0     0.0     0.0    13.0
     1.0     8.0     0.0     7.0    23.0   342.0    10.0    12.0     6.0     0.0
     0.0     0.0    12.0    10.0     0.0    23.0     3.0     0.0     0.0     5.0
     7.0     0.0     0.0     0.0    13.0     0.0     0.0     0.0     0.0     3.0
     1.0    30.0     4.0
560
    12.0     0.0    61.0    99.0     0.0     3.0     7.0     0.0     0.0     8.0
     0.0     9.0     0.0    10.0    53.0   292.0    15.0    21.0     5.0     0.0
     0.0     0.0    13.0    10.0     0.0    13.0     1.0     1.0     0.0    10.0
     4.0     0.0     0.0     0.0     4.0     0.0     0.0     0.0     1.0     3.0
     0.0    47.0     2.0
580
     8.0     2.0    49.0    84.0     0.0     0.0     1.0     0.0     0.0     6.0
     0.0     4.0     0.0     3.0    47.0   253.0    20.0    24.0     8.0     0.0
     0.0     0.0    27.0    14.0     0.0    17.0     4.0     0.0     0.0     6.0
     8.0     0.0     0.0     0.0     6.0     0.0     0.0     0.0     0.0     0.0
     0.0    30.0     2.0
600
     8.0     1.0    61.0    73.0     1.0     3.0     5.0     0.0     0.0     4.0
     0.0     6.0     3.0     5.0    31.0   251.0    24.0     9.0     7.0     0.0
     0.0     0.0    23.0     8.0     0.0    20.0     2.0     1.0     0.0     7.0
     7.0     0.0     0.0     0.0     9.0     0.0     0.0     0.0     1.0     3.0
     1.0    31.0     2.0
620
    10.0     1.0    79.0    83.0     1.0     1.0     5.0     0.0     0.0     6.0
     2.0     9.0     0.0     3.0    53.0   313.0    17.0    15.0     6.0     1.0
     0.0     0.0    20.0    14.0     0.0    24.0     3.0     0.0     0.0     6.0
     3.0     0.0     0.0     0.0     8.0     0.0     0.0     0.0     0.0     2.0
     0.0    36.0     1.0
640
     6.0     0.0    16.0    55.0     4.0     0.0     1.0     0.0     0.0     4.0
     1.0     6.0     1.0     7.0    64.0   391.0     7.0    22.0     5.0     0.0
     0.0     0.0    23.0     4.0     0.0    18.0     2.0     0.0     0.0    12.0
     3.0     0.0     0.0     0.0     6.0     0.0     0.0     0.0     1.0     1.0
     0.0    15.0     0.0
660
     2.0     0.0     9.0    79.0     1.0     0.0     1.0     0.0     0.0     5.0
     0.0    16.0     0.0     7.0    73.0   285.0     5.0    19.0     2.0     0.0
     0.0     0.0    43.0     8.0     0.0    16.0     0.0     0.0     0.0     5.0
     3.0     0.0     0.0     0.0     7.0     0.0     0.0     1.0     0.0     1.0
     0.0    16.0     3.0
680
     3.0     1.0     9.0   121.0     0.0     0.0     4.0     0.0     0.0     5.0
     1.0    12.0     0.0    10.0   116.0   196.0     6.0    18.0     4.0     0.0
     1.0     0.0    29.0     9.0     0.0    13.0     0.0     0.0     0.0     4.0
     9.0     0.0     0.0     0.0     4.0     0.0     0.0     0.0     0.0     2.0
     0.0    19.0     4.0
700
     0.0     2.0     2.0    79.0     1.0     3.0     2.0     0.0     0.0     7.0
     0.0    12.0     0.0     9.0   145.0   177.0     5.0    21.0     5.0     0.0
     0.0     0.0    36.0     6.0     0.0    13.0     2.0     0.0     0.0     2.0
     5.0     0.0     0.0     0.0     7.0     0.0     0.0     0.0     0.0     1.0
     0.0    20.0     3.0
720
     1.0     0.0     4.0    54.0     1.0     3.0     2.0     0.0     0.0     5.0
     3.0    15.0     0.0    12.0   122.0   199.0     6.0    25.0    11.0     0.0
     0.0     0.0    24.0     6.0     0.0    13.0     4.0     0.0     0.0     7.0
    13.0     0.0     0.0     0.0     5.0     0.0     0.0     0.0     0.0     1.0
     0.0    43.0     4.0
740
     2.0     1.0     5.0     1.0     4.0    32.0    32.0     0.0     0.0     0.0
     3.0     5.0     0.0     1.0   191.0   187.0     2.0    33.0     2.0     0.0
     0.0    26.0    12.0    10.0     0.0     9.0     0.0     0.0     0.0     4.0
    14.0     0.0     0.0     0.0     6.0     0.0     0.0     1.0     0.0     0.0
     0.0    60.0     5.0
760
     0.0     2.0     2.0    27.0     2.0     0.0     3.0     0.0     0.0    14.0
     2.0    19.0     0.0    13.0   165.0   161.0     0.0    34.0     7.0     0.0
     2.0     0.0    38.0     8.0     1.0    13.0     3.0     0.0     0.0     6.0
    23.0     0.0     0.0     0.0     3.0     0.0     0.0     0.0     0.0     0.0
     0.0    47.0     3.0
780
     1.0     2.0     2.0    31.0     1.0     2.0     6.0     0.0     0.0    23.0
     1.0    19.0     0.0     3.0   190.0   111.0     2.0    27.0     4.0     0.0
     0.0     0.0    29.0     5.0     0.0     9.0     2.0     0.0     0.0     3.0
    20.0     0.0     0.0     0.0     5.0     0.0     0.0     0.0     0.0     0.0
     0.0    51.0     4.0
800
     2.0     1.0     3.0    23.0     0.0     1.0    11.0     0.0     0.0    22.0
     1.0    15.0     0.0     5.0   219.0   177.0     1.0    38.0    10.0     0.0
     0.0     0.0    31.0     8.0     0.0    23.0     0.0     0.0     0.0     5.0
    29.0     0.0     0.0     0.0     2.0     0.0     0.0     0.0     0.0     4.0
     0.0    81.0     2.0
820
     2.0     1.0     3.0    38.0     0.0     3.0    13.0     0.0     0.0    23.0
     3.0     5.0     0.0     6.0   199.0   115.0     3.0    27.0     6.0     0.0
     0.0     0.0    14.0     5.0     0.0    25.0     3.0     0.0     0.0     0.0
    27.0     0.0     0.0     0.0    10.0     0.0     0.0     0.0     0.0     1.0
     0.0   196.0     0.0
840
     4.0     0.0     9.0    60.0     0.0     3.0     9.0     0.0     0.0    11.0
     0.0    24.0     0.0     1.0   210.0    91.0     2.0    24.0     8.0     0.0
     0.0     0.0    14.0     4.0     0.0    24.0     0.0     0.0     0.0     4.0
    31.0     0.0     0.0     0.0     9.0     0.0     0.0     0.0     2.0     3.0
     0.0   108.0     4.0
850
     4.0     1.0    11.0    54.0     1.0     3.0    10.0     0.0     0.0    16.0
     0.0     5.0     0.0     5.0   206.0    60.0     1.0    21.0    15.0     0.0
     0.0     0.0    12.0     9.0     0.0    25.0     1.0     0.0     0.0     5.0
    39.0     0.0     1.0     0.0     6.0     0.0     0.0     0.0     1.0     0.0
     0.0   154.0     1.0
860
     3.0     2.0     6.0   157.0     0.0     2.0     8.0     0.0     0.0    16.0
     0.0    11.0     0.0     0.0   181.0    27.0     2.0    19.0    15.0     0.0
     0.0     0.0    14.0     6.0     0.0    40.0     6.0     0.0     0.0     5.0
    65.0     0.0     0.0     0.0     9.0     0.0     0.0     1.0     0.0     1.0
     0.0    63.0     2.0
870
     0.0     0.0     3.0   184.0     0.0     0.0     5.0     0.0     0.0     3.0
     0.0     0.0     0.0     1.0   163.0    30.0     1.0     9.0    16.0     0.0
     0.0     0.0     9.0     3.0     0.0    26.0     2.0     0.0     0.0     2.0
    54.0     0.0     1.0     0.0     4.0     0.0     0.0     0.0     1.0     0.0
     0.0    85.0     2.0
880
     2.0     2.0    11.0   225.0     0.0     3.0     5.0     0.0     0.0     6.0
     0.0     2.0     0.0     3.0   135.0    13.0     0.0    11.0    12.0     0.0
     0.0     0.0     4.0     2.0     0.0    48.0     5.0     1.0     1.0     3.0
    82.0     0.0     0.0     0.0     8.0     0.0     0.0     0.0     0.0     0.0
     0.0    88.0     0.0
890
     1.0     0.0     4.0   150.0     0.0     1.0     6.0     1.0     0.0    12.0
     0.0     2.0     0.0    10.0    80.0    28.0     0.0    15.0     9.0     0.0
     0.0     0.0     5.0    11.0     0.0    44.0     1.0     0.0     0.0     5.0
    71.0     0.0     1.0     0.0    16.0     0.0     1.0     0.0     0.0     1.0
     0.0   237.0     3.0
900
     0.0     1.0    15.0     9.0     0.0     3.0     4.0     0.0     0.0    17.0
     1.0     0.0     0.0     2.0    77.0    10.0     2.0    24.0    13.0     0.0
     0.0     0.0     7.0    61.0     0.0    63.0     9.0     0.0     1.0     4.0
    36.0     0.0     0.0     0.0    30.0     0.0     0.0     0.0     1.0    16.0
     0.0    38.0     4.0
920
     0.0     0.0     5.0     8.0     0.0     6.0     2.0     0.0     0.0     2.0
     0.0     0.0     0.0     1.0    51.0    14.0     0.0    15.0    13.0     0.0
     0.0     0.0     1.0    10.0     0.0   102.0     4.0     0.0     2.0     2.0
    22.0     0.0     0.0     0.0    24.0     0.0     0.0     0.0     3.0     1.0
     0.0    15.0     8.0
940
     0.0     0.0    11.0     2.0     0.0     5.0     2.0     0.0     0.0     4.0
     1.0     0.0     0.0     1.0    56.0    13.0     0.0     9.0     7.0     0.0
     0.0     0.0     1.0     6.0     0.0    54.0     2.0     0.0     1.0     2.0
    14.0     0.0     0.0     1.0    14.0     1.0     0.0     0.0     1.0     1.0
     1.0    15.0     6.0
960
     0.0     0.0    15.0     5.0     0.0     5.0     0.0     0.0     0.0     5.0
     0.0     0.0     0.0     1.0    45.0    12.0     0.0     5.0     4.0     0.0
     0.0     0.0     1.0     3.0     0.0    38.0     4.0     0.0     0.0     1.0
    10.0     0.0     0.0     0.0    22.0     0.0     0.0     0.0     0.0     0.0
     0.0     5.0     8.0
982
     0.0     0.0     5.0     7.0     0.0     3.0     1.0     0.0     0.0     1.0
     0.0     0.0     0.0     0.0    83.0    16.0     0.0     3.0     2.0     0.0
     0.0     0.0     0.0     7.0     0.0    83.0     7.0     0.0     1.0     1.0
    11.0     0.0     0.0     0.0    25.0     0.0     0.0     0.0     0.0     0.0
     0.0     8.0     4.0
1000
     0.0     0.0     3.0     7.0     0.0     5.0     0.0     0.0     0.0     0.0
     1.0     0.0     0.0     0.0    22.0     5.0     0.0     5.0     1.0     0.0
     0.0     0.0     1.0     3.0     0.0    50.0     8.0     0.0     1.0     1.0
     4.0     0.0     0.0     0.0     9.0     0.0     0.0     0.0     0.0     0.0
     0.0     0.0     6.0
1018
     1.0     0.0     1.0    30.0     0.0    13.0     4.0     0.0     0.0     3.0
     0.0     0.0     0.0     1.0    36.0     7.0     0.0    13.0     6.0     0.0
     0.0     0.0     1.0     8.0     0.0    62.0     8.0     0.0     1.0     4.0
    21.0     0.0     0.0     0.0    17.0     0.0     0.0     0.0     1.0     1.0
     0.0    35.0     4.0
